Frame,Phase
0,0
25,0
50,0
75,0
100,0
125,0
150,0
175,0
200,0
225,0
250,0
275,0
300,0
325,0
350,0
375,0
400,0
425,0
450,0
475,0
500,0
525,0
550,0
575,0
600,0
625,0
650,0
675,0
700,0
725,0
750,0
775,0
800,0
825,0
850,0
875,0
900,0
925,0
950,0
975,0
1000,0
1025,0
1050,0
1075,0
1100,0
1125,0
1150,0
1175,0
1200,0
1225,0
1250,0
1275,0
1300,0
1325,0
1350,0
1375,0
1400,0
1425,0
1450,0
1475,0
1500,0
1525,0
1550,0
1575,0
1600,0
1625,0
1650,0
1675,0
1700,0
1725,0
1750,0
1775,0
1800,0
1825,0
1850,0
1875,1
1900,1
1925,1
1950,1
1975,1
2000,1
2025,1
2050,1
2075,1
2100,1
2125,1
2150,1
2175,1
2200,1
2225,1
2250,1
2275,1
2300,1
2325,1
2350,1
2375,1
2400,1
2425,1
2450,1
2475,1
2500,1
2525,1
2550,1
2575,1
2600,1
2625,1
2650,1
2675,1
2700,1
2725,1
2750,1
2775,1
2800,1
2825,1
2850,1
2875,1
2900,1
2925,1
2950,1
2975,1
3000,1
3025,1
3050,1
3075,1
3100,1
3125,1
3150,1
3175,1
3200,1
3225,1
3250,1
3275,1
3300,1
3325,1
3350,1
3375,1
3400,1
3425,1
3450,1
3475,1
3500,1
3525,1
3550,1
3575,1
3600,1
3625,1
3650,1
3675,1
3700,1
3725,1
3750,1
3775,1
3800,1
3825,1
3850,1
3875,1
3900,1
3925,1
3950,1
3975,1
4000,1
4025,1
4050,1
4075,1
4100,1
4125,1
4150,1
4175,1
4200,1
4225,1
4250,1
4275,1
4300,1
4325,1
4350,1
4375,1
4400,1
4425,1
4450,1
4475,1
4500,1
4525,1
4550,1
4575,1
4600,1
4625,1
4650,1
4675,1
4700,1
4725,1
4750,1
4775,1
4800,1
4825,1
4850,1
4875,1
4900,1
4925,1
4950,1
4975,1
5000,1
5025,1
5050,1
5075,1
5100,1
5125,1
5150,1
5175,1
5200,1
5225,1
5250,1
5275,1
5300,1
5325,1
5350,1
5375,1
5400,1
5425,1
5450,1
5475,1
5500,1
5525,1
5550,1
5575,1
5600,1
5625,1
5650,1
5675,1
5700,1
5725,1
5750,1
5775,1
5800,1
5825,1
5850,1
5875,1
5900,1
5925,1
5950,1
5975,1
6000,1
6025,1
6050,1
6075,1
6100,1
6125,1
6150,1
6175,1
6200,1
6225,1
6250,1
6275,1
6300,1
6325,1
6350,1
6375,1
6400,1
6425,1
6450,1
6475,1
6500,1
6525,1
6550,1
6575,1
6600,1
6625,1
6650,1
6675,1
6700,1
6725,1
6750,1
6775,1
6800,1
6825,1
6850,1
6875,1
6900,1
6925,1
6950,1
6975,1
7000,1
7025,1
7050,1
7075,1
7100,1
7125,1
7150,1
7175,1
7200,1
7225,1
7250,1
7275,1
7300,1
7325,1
7350,1
7375,1
7400,1
7425,1
7450,1
7475,1
7500,1
7525,1
7550,1
7575,1
7600,1
7625,1
7650,1
7675,1
7700,1
7725,1
7750,1
7775,1
7800,1
7825,1
7850,1
7875,1
7900,1
7925,1
7950,1
7975,1
8000,1
8025,1
8050,1
8075,1
8100,1
8125,1
8150,1
8175,1
8200,1
8225,1
8250,1
8275,1
8300,1
8325,1
8350,1
8375,1
8400,1
8425,1
8450,1
8475,1
8500,1
8525,1
8550,1
8575,1
8600,1
8625,1
8650,1
8675,1
8700,1
8725,1
8750,1
8775,1
8800,1
8825,1
8850,1
8875,1
8900,1
8925,1
8950,1
8975,1
9000,1
9025,1
9050,1
9075,1
9100,1
9125,1
9150,1
9175,1
9200,1
9225,1
9250,1
9275,1
9300,1
9325,1
9350,1
9375,1
9400,1
9425,1
9450,1
9475,1
9500,1
9525,1
9550,1
9575,1
9600,1
9625,1
9650,1
9675,1
9700,1
9725,1
9750,1
9775,1
9800,1
9825,1
9850,1
9875,1
9900,1
9925,1
9950,1
9975,1
10000,1
10025,1
10050,1
10075,1
10100,1
10125,1
10150,1
10175,1
10200,1
10225,1
10250,1
10275,1
10300,1
10325,1
10350,1
10375,1
10400,1
10425,1
10450,1
10475,1
10500,1
10525,1
10550,1
10575,1
10600,1
10625,1
10650,1
10675,1
10700,1
10725,1
10750,1
10775,1
10800,1
10825,1
10850,1
10875,1
10900,1
10925,1
10950,1
10975,1
11000,1
11025,1
11050,1
11075,1
11100,1
11125,1
11150,1
11175,1
11200,1
11225,1
11250,1
11275,1
11300,1
11325,1
11350,1
11375,1
11400,1
11425,1
11450,1
11475,1
11500,1
11525,1
11550,1
11575,1
11600,1
11625,1
11650,1
11675,1
11700,1
11725,1
11750,1
11775,1
11800,1
11825,1
11850,1
11875,1
11900,1
11925,1
11950,1
11975,1
12000,1
12025,1
12050,1
12075,1
12100,1
12125,1
12150,1
12175,1
12200,1
12225,1
12250,1
12275,1
12300,1
12325,1
12350,1
12375,1
12400,1
12425,1
12450,1
12475,1
12500,1
12525,1
12550,1
12575,1
12600,1
12625,1
12650,1
12675,1
12700,1
12725,1
12750,1
12775,1
12800,1
12825,1
12850,1
12875,1
12900,1
12925,1
12950,1
12975,1
13000,1
13025,1
13050,1
13075,1
13100,1
13125,1
13150,1
13175,1
13200,1
13225,1
13250,1
13275,1
13300,1
13325,1
13350,1
13375,1
13400,1
13425,1
13450,1
13475,1
13500,1
13525,1
13550,1
13575,1
13600,1
13625,1
13650,1
13675,1
13700,1
13725,1
13750,1
13775,1
13800,1
13825,1
13850,1
13875,1
13900,1
13925,1
13950,1
13975,1
14000,1
14025,1
14050,1
14075,1
14100,1
14125,1
14150,1
14175,1
14200,1
14225,1
14250,1
14275,1
14300,1
14325,1
14350,1
14375,1
14400,1
14425,1
14450,1
14475,1
14500,1
14525,1
14550,1
14575,1
14600,1
14625,1
14650,1
14675,1
14700,1
14725,1
14750,1
14775,1
14800,1
14825,1
14850,1
14875,1
14900,1
14925,1
14950,1
14975,1
15000,1
15025,1
15050,1
15075,1
15100,1
15125,1
15150,1
15175,1
15200,1
15225,1
15250,1
15275,1
15300,1
15325,1
15350,1
15375,1
15400,1
15425,1
15450,1
15475,1
15500,1
15525,1
15550,1
15575,1
15600,1
15625,1
15650,1
15675,1
15700,1
15725,1
15750,1
15775,1
15800,1
15825,1
15850,1
15875,1
15900,1
15925,1
15950,1
15975,1
16000,1
16025,1
16050,1
16075,1
16100,1
16125,1
16150,1
16175,1
16200,1
16225,1
16250,1
16275,1
16300,1
16325,1
16350,1
16375,1
16400,1
16425,1
16450,1
16475,1
16500,1
16525,1
16550,1
16575,1
16600,1
16625,1
16650,1
16675,1
16700,1
16725,1
16750,1
16775,1
16800,1
16825,1
16850,1
16875,1
16900,1
16925,1
16950,1
16975,1
17000,1
17025,1
17050,1
17075,1
17100,1
17125,1
17150,1
17175,1
17200,1
17225,1
17250,1
17275,1
17300,1
17325,1
17350,1
17375,1
17400,1
17425,1
17450,1
17475,1
17500,1
17525,1
17550,1
17575,1
17600,1
17625,1
17650,1
17675,1
17700,1
17725,1
17750,1
17775,1
17800,1
17825,1
17850,1
17875,1
17900,1
17925,1
17950,1
17975,1
18000,1
18025,1
18050,1
18075,1
18100,1
18125,1
18150,1
18175,1
18200,1
18225,1
18250,1
18275,1
18300,1
18325,1
18350,1
18375,1
18400,1
18425,1
18450,1
18475,1
18500,1
18525,1
18550,1
18575,1
18600,1
18625,1
18650,1
18675,1
18700,1
18725,1
18750,1
18775,1
18800,1
18825,1
18850,1
18875,1
18900,1
18925,1
18950,1
18975,1
19000,1
19025,1
19050,1
19075,1
19100,1
19125,1
19150,1
19175,1
19200,1
19225,1
19250,1
19275,1
19300,1
19325,1
19350,1
19375,1
19400,1
19425,1
19450,1
19475,1
19500,1
19525,1
19550,1
19575,1
19600,1
19625,1
19650,1
19675,1
19700,1
19725,1
19750,1
19775,1
19800,1
19825,1
19850,1
19875,1
19900,1
19925,1
19950,1
19975,1
20000,1
20025,1
20050,1
20075,1
20100,1
20125,1
20150,1
20175,1
20200,1
20225,1
20250,1
20275,1
20300,1
20325,1
20350,1
20375,1
20400,1
20425,1
20450,1
20475,1
20500,1
20525,1
20550,1
20575,1
20600,1
20625,1
20650,1
20675,1
20700,1
20725,1
20750,1
20775,1
20800,1
20825,1
20850,1
20875,1
20900,1
20925,1
20950,1
20975,1
21000,1
21025,1
21050,1
21075,1
21100,1
21125,1
21150,1
21175,1
21200,1
21225,1
21250,1
21275,1
21300,1
21325,1
21350,1
21375,1
21400,1
21425,1
21450,1
21475,1
21500,1
21525,1
21550,1
21575,1
21600,1
21625,1
21650,1
21675,1
21700,1
21725,1
21750,1
21775,1
21800,1
21825,1
21850,1
21875,1
21900,1
21925,1
21950,1
21975,1
22000,1
22025,1
22050,1
22075,1
22100,1
22125,1
22150,1
22175,1
22200,1
22225,1
22250,1
22275,1
22300,1
22325,1
22350,1
22375,1
22400,1
22425,1
22450,1
22475,1
22500,1
22525,1
22550,1
22575,1
22600,1
22625,1
22650,1
22675,1
22700,1
22725,1
22750,1
22775,1
22800,1
22825,1
22850,1
22875,1
22900,1
22925,1
22950,1
22975,1
23000,1
23025,1
23050,1
23075,1
23100,1
23125,1
23150,1
23175,1
23200,1
23225,1
23250,1
23275,1
23300,1
23325,1
23350,1
23375,1
23400,1
23425,1
23450,1
23475,1
23500,1
23525,1
23550,1
23575,1
23600,1
23625,1
23650,1
23675,1
23700,1
23725,1
23750,1
23775,1
23800,1
23825,1
23850,1
23875,1
23900,1
23925,1
23950,1
23975,1
24000,1
24025,1
24050,1
24075,1
24100,1
24125,1
24150,1
24175,1
24200,1
24225,1
24250,1
24275,1
24300,1
24325,1
24350,1
24375,1
24400,1
24425,1
24450,1
24475,1
24500,1
24525,1
24550,1
24575,1
24600,1
24625,1
24650,1
24675,1
24700,1
24725,1
24750,1
24775,1
24800,1
24825,1
24850,1
24875,1
24900,1
24925,1
24950,1
24975,1
25000,1
25025,1
25050,1
25075,1
25100,1
25125,1
25150,1
25175,1
25200,1
25225,1
25250,1
25275,1
25300,1
25325,1
25350,1
25375,1
25400,1
25425,1
25450,1
25475,1
25500,1
25525,1
25550,1
25575,1
25600,1
25625,1
25650,1
25675,1
25700,1
25725,1
25750,1
25775,1
25800,1
25825,1
25850,1
25875,1
25900,1
25925,1
25950,1
25975,1
26000,1
26025,1
26050,1
26075,1
26100,1
26125,1
26150,1
26175,1
26200,1
26225,1
26250,1
26275,1
26300,1
26325,1
26350,1
26375,1
26400,1
26425,1
26450,1
26475,1
26500,1
26525,1
26550,1
26575,1
26600,1
26625,1
26650,1
26675,1
26700,1
26725,1
26750,1
26775,1
26800,1
26825,1
26850,1
26875,1
26900,1
26925,1
26950,1
26975,1
27000,1
27025,1
27050,1
27075,1
27100,1
27125,1
27150,1
27175,1
27200,1
27225,1
27250,1
27275,1
27300,1
27325,1
27350,1
27375,1
27400,1
27425,1
27450,1
27475,1
27500,1
27525,1
27550,1
27575,1
27600,1
27625,1
27650,1
27675,1
27700,1
27725,1
27750,1
27775,1
27800,1
27825,1
27850,1
27875,1
27900,1
27925,1
27950,1
27975,1
28000,1
28025,1
28050,1
28075,1
28100,1
28125,1
28150,1
28175,1
28200,1
28225,1
28250,1
28275,1
28300,1
28325,1
28350,1
28375,1
28400,1
28425,1
28450,1
28475,1
28500,1
28525,1
28550,1
28575,1
28600,1
28625,1
28650,1
28675,1
28700,1
28725,1
28750,1
28775,1
28800,1
28825,1
28850,1
28875,1
28900,1
28925,1
28950,1
28975,1
29000,1
29025,1
29050,1
29075,1
29100,1
29125,1
29150,1
29175,1
29200,1
29225,1
29250,1
29275,1
29300,1
29325,1
29350,1
29375,1
29400,1
29425,1
29450,1
29475,1
29500,1
29525,1
29550,1
29575,1
29600,1
29625,1
29650,1
29675,1
29700,1
29725,1
29750,1
29775,1
29800,1
29825,1
29850,1
29875,1
29900,1
29925,1
29950,1
29975,1
30000,1
30025,1
30050,1
30075,1
30100,1
30125,1
30150,1
30175,1
30200,1
30225,1
30250,1
30275,1
30300,1
30325,1
30350,1
30375,1
30400,1
30425,1
30450,1
30475,1
30500,1
30525,1
30550,1
30575,1
30600,1
30625,1
30650,1
30675,1
30700,1
30725,1
30750,1
30775,1
30800,1
30825,1
30850,1
30875,1
30900,1
30925,1
30950,1
30975,1
31000,1
31025,1
31050,1
31075,1
31100,1
31125,1
31150,1
31175,1
31200,1
31225,1
31250,1
31275,1
31300,1
31325,1
31350,1
31375,1
31400,1
31425,1
31450,1
31475,1
31500,1
31525,1
31550,1
31575,1
31600,1
31625,1
31650,1
31675,1
31700,1
31725,1
31750,1
31775,1
31800,1
31825,1
31850,1
31875,1
31900,1
31925,1
31950,1
31975,1
32000,1
32025,1
32050,1
32075,1
32100,1
32125,1
32150,1
32175,1
32200,1
32225,1
32250,1
32275,1
32300,1
32325,1
32350,1
32375,1
32400,1
32425,1
32450,1
32475,1
32500,1
32525,1
32550,1
32575,1
32600,1
32625,1
32650,1
32675,1
32700,1
32725,1
32750,1
32775,1
32800,1
32825,1
32850,1
32875,1
32900,1
32925,1
32950,1
32975,1
33000,1
33025,1
33050,1
33075,1
33100,1
33125,1
33150,1
33175,1
33200,1
33225,1
33250,1
33275,1
33300,1
33325,1
33350,1
33375,1
33400,1
33425,1
33450,1
33475,1
33500,1
33525,1
33550,1
33575,1
33600,1
33625,1
33650,1
33675,1
33700,1
33725,1
33750,1
33775,1
33800,1
33825,1
33850,1
33875,1
33900,1
33925,1
33950,1
33975,1
34000,1
34025,1
34050,1
34075,1
34100,1
34125,1
34150,1
34175,1
34200,1
34225,1
34250,1
34275,1
34300,1
34325,1
34350,1
34375,1
34400,1
34425,1
34450,1
34475,1
34500,1
34525,1
34550,1
34575,1
34600,1
34625,1
34650,1
34675,1
34700,1
34725,1
34750,1
34775,1
34800,1
34825,1
34850,1
34875,1
34900,1
34925,1
34950,1
34975,1
35000,1
35025,1
35050,1
35075,1
35100,1
35125,1
35150,1
35175,1
35200,1
35225,1
35250,1
35275,1
35300,1
35325,1
35350,1
35375,1
35400,2
35425,2
35450,2
35475,2
35500,2
35525,2
35550,2
35575,2
35600,2
35625,2
35650,2
35675,2
35700,2
35725,2
35750,2
35775,2
35800,2
35825,2
35850,2
35875,2
35900,2
35925,2
35950,2
35975,2
36000,2
36025,2
36050,2
36075,2
36100,2
36125,2
36150,2
36175,2
36200,2
36225,2
36250,2
36275,2
36300,2
36325,2
36350,2
36375,2
36400,2
36425,2
36450,2
36475,2
36500,2
36525,2
36550,2
36575,2
36600,2
36625,2
36650,2
36675,2
36700,2
36725,2
36750,2
36775,2
36800,2
36825,2
36850,2
36875,2
36900,2
36925,2
36950,2
36975,2
37000,2
37025,2
37050,2
37075,2
37100,2
37125,2
37150,2
37175,2
37200,2
37225,2
37250,2
37275,2
37300,2
37325,2
37350,2
37375,2
37400,2
37425,2
37450,2
37475,2
37500,2
37525,2
37550,2
37575,2
37600,2
37625,2
37650,2
37675,2
37700,2
37725,2
37750,2
37775,2
37800,2
37825,2
37850,2
37875,2
37900,2
37925,2
37950,2
37975,2
38000,2
38025,2
38050,2
38075,2
38100,2
38125,2
38150,2
38175,2
38200,2
38225,2
38250,2
38275,2
38300,2
38325,2
38350,2
38375,2
38400,2
38425,2
38450,2
38475,2
38500,2
38525,2
38550,2
38575,2
38600,2
38625,2
38650,2
38675,2
38700,2
38725,2
38750,2
38775,2
38800,2
38825,2
38850,2
38875,2
38900,2
38925,2
38950,2
38975,2
39000,2
39025,2
39050,2
39075,2
39100,2
39125,2
39150,2
39175,2
39200,2
39225,2
39250,2
39275,2
39300,2
39325,2
39350,2
39375,2
39400,2
39425,2
39450,2
39475,2
39500,2
39525,2
39550,2
39575,2
39600,2
39625,2
39650,2
39675,2
39700,2
39725,2
39750,2
39775,2
39800,2
39825,2
39850,2
39875,2
39900,2
39925,2
39950,2
39975,2
40000,2
40025,3
40050,3
40075,3
40100,3
40125,3
40150,3
40175,3
40200,3
40225,3
40250,3
40275,3
40300,3
40325,3
40350,3
40375,3
40400,3
40425,3
40450,3
40475,3
40500,3
40525,3
40550,3
40575,3
40600,3
40625,3
40650,3
40675,3
40700,3
40725,3
40750,3
40775,3
40800,3
40825,3
40850,3
40875,3
40900,3
40925,3
40950,3
40975,3
41000,3
41025,3
41050,3
41075,3
41100,3
41125,3
41150,3
41175,3
41200,3
41225,3
41250,3
41275,3
41300,3
41325,3
41350,3
41375,3
41400,3
41425,3
41450,3
41475,3
41500,3
41525,3
41550,3
41575,3
41600,3
41625,3
41650,3
41675,3
41700,3
41725,3
41750,3
41775,3
41800,3
41825,3
41850,3
41875,3
41900,3
41925,3
41950,3
41975,3
42000,3
42025,3
42050,3
42075,3
42100,3
42125,3
42150,3
42175,3
42200,3
42225,3
42250,3
42275,3
42300,3
42325,3
42350,3
42375,3
42400,3
42425,3
42450,3
42475,3
42500,3
42525,3
42550,3
42575,3
42600,3
42625,3
42650,3
42675,3
42700,3
42725,3
42750,3
42775,3
42800,3
42825,3
42850,3
42875,3
42900,3
42925,3
42950,3
42975,3
43000,3
43025,3
43050,3
43075,3
43100,3
43125,3
43150,3
43175,3
43200,3
43225,3
43250,3
43275,3
43300,3
43325,3
43350,3
43375,3
43400,3
43425,3
43450,3
43475,3
43500,3
43525,3
43550,3
43575,3
43600,3
43625,3
43650,3
43675,3
43700,3
43725,3
43750,3
43775,3
43800,3
43825,3
43850,3
43875,3
43900,3
43925,3
43950,3
43975,3
44000,3
44025,3
44050,3
44075,3
44100,3
44125,3
44150,3
44175,3
44200,3
44225,3
44250,3
44275,3
44300,3
44325,3
44350,3
44375,3
44400,3
44425,3
44450,3
44475,3
44500,3
44525,3
44550,3
44575,3
44600,3
44625,3
44650,3
44675,3
44700,3
44725,3
44750,3
44775,3
44800,3
44825,3
44850,3
44875,3
44900,3
44925,3
44950,3
44975,3
45000,3
45025,3
45050,3
45075,3
45100,3
45125,3
45150,3
45175,3
45200,3
45225,3
45250,3
45275,3
45300,3
45325,3
45350,3
45375,3
45400,3
45425,3
45450,3
45475,3
45500,3
45525,3
45550,3
45575,3
45600,3
45625,3
45650,3
45675,3
45700,3
45725,3
45750,3
45775,3
45800,3
45825,3
45850,3
45875,3
45900,3
45925,3
45950,3
45975,3
46000,3
46025,3
46050,3
46075,3
46100,3
46125,3
46150,3
46175,3
46200,3
46225,3
46250,3
46275,3
46300,3
46325,3
46350,3
46375,3
46400,3
46425,3
46450,3
46475,3
46500,3
46525,3
46550,3
46575,3
46600,3
46625,3
46650,3
46675,3
46700,3
46725,3
46750,3
46775,3
46800,3
46825,3
46850,3
46875,3
46900,3
46925,3
46950,3
46975,3
47000,3
47025,3
47050,3
47075,3
47100,3
47125,3
47150,3
47175,3
47200,3
47225,3
47250,3
47275,3
47300,3
47325,3
47350,3
47375,3
47400,3
47425,3
47450,3
47475,3
47500,3
47525,3
47550,3
47575,3
47600,3
47625,3
47650,3
47675,3
47700,3
47725,3
47750,3
47775,3
47800,3
47825,3
47850,3
47875,3
47900,3
47925,3
47950,3
47975,3
48000,3
48025,3
48050,3
48075,3
48100,3
48125,3
48150,3
48175,3
48200,3
48225,3
48250,3
48275,3
48300,3
48325,3
48350,3
48375,3
48400,3
48425,3
48450,3
48475,3
48500,3
48525,3
48550,3
48575,3
48600,3
48625,3
48650,3
48675,3
48700,3
48725,3
48750,3
48775,3
48800,3
48825,3
48850,3
48875,3
48900,3
48925,3
48950,3
48975,3
49000,3
49025,3
49050,3
49075,3
49100,3
49125,3
49150,3
49175,3
49200,3
49225,3
49250,3
49275,3
49300,3
49325,3
49350,3
49375,3
49400,3
49425,3
49450,3
49475,3
49500,3
49525,3
49550,3
49575,3
49600,3
49625,3
49650,4
49675,4
49700,4
49725,4
49750,4
49775,4
49800,4
49825,4
49850,4
49875,4
49900,4
49925,4
49950,4
49975,4
50000,4
50025,4
50050,4
50075,4
50100,4
50125,4
50150,4
50175,4
50200,4
50225,4
50250,4
50275,4
50300,4
50325,4
50350,4
50375,4
50400,4
50425,4
50450,4
50475,4
50500,4
50525,4
50550,4
50575,4
50600,4
50625,4
50650,4
50675,4
50700,4
50725,4
50750,4
50775,4
50800,4
50825,4
50850,4
50875,4
50900,4
50925,4
50950,4
50975,4
51000,4
51025,4
51050,4
51075,4
51100,4
51125,4
51150,4
51175,4
51200,4
51225,4
51250,4
51275,4
51300,4
51325,4
51350,4
51375,4
51400,4
51425,4
51450,4
51475,4
51500,4
51525,4
51550,4
51575,4
51600,4
51625,4
51650,4
51675,4
51700,4
51725,4
51750,4
51775,4
51800,4
51825,4
51850,4
51875,4
51900,4
51925,4
51950,4
51975,4
52000,4
52025,4
52050,4
52075,4
52100,4
52125,4
52150,4
52175,4
52200,4
52225,4
52250,4
52275,4
52300,4
52325,4
52350,4
52375,4
52400,4
52425,4
52450,4
52475,4
52500,4
52525,4
52550,4
52575,4
52600,4
52625,4
52650,4
52675,4
52700,4
52725,4
52750,5
52775,5
52800,5
52825,5
52850,5
52875,5
52900,5
52925,5
52950,5
52975,5
53000,5
53025,5
53050,5
53075,5
53100,5
53125,5
53150,5
53175,5
53200,5
53225,5
53250,5
53275,5
53300,5
53325,5
53350,5
53375,5
53400,5
53425,5
53450,5
53475,5
53500,5
53525,5
53550,5
53575,5
53600,5
53625,5
53650,5
53675,5
53700,5
53725,5
53750,5
53775,5
53800,5
53825,5
53850,5
53875,5
53900,5
53925,5
53950,5
53975,5
54000,5
54025,5
54050,5
54075,5
54100,5
54125,5
54150,5
54175,5
54200,5
54225,5
54250,5
54275,5
54300,5
54325,5
54350,5
54375,5
54400,5
54425,5
54450,5
54475,5
54500,5
54525,5
54550,5
54575,5
54600,5
54625,5
54650,5
54675,5
54700,5
54725,5
54750,5
54775,5
54800,5
54825,5
54850,5
54875,5
54900,5
54925,5
54950,5
54975,5
55000,5
55025,5
55050,5
55075,5
55100,5
55125,5
55150,5
55175,5
55200,5
55225,5
55250,5
55275,5
55300,5
55325,5
55350,5
55375,5
55400,5
55425,5
55450,5
55475,5
55500,5
55525,5
55550,5
55575,5
55600,5
55625,5
55650,5
55675,5
55700,5
55725,5
55750,5
55775,5
55800,5
55825,5
55850,5
55875,5
55900,5
55925,5
55950,5
55975,5
56000,5
56025,5
56050,5
56075,5
56100,5
56125,5
56150,5
56175,5
56200,5
56225,5
56250,5
56275,5
56300,5
56325,5
56350,5
56375,5
56400,5
56425,5
56450,5
56475,5
56500,5
56525,5
56550,5
56575,5
56600,5
56625,5
56650,5
56675,5
56700,5
56725,5
56750,5
56775,5
56800,5
56825,5
56850,5
56875,5
56900,5
56925,5
56950,5
56975,5
57000,5
57025,5
57050,5
57075,5
57100,5
57125,5
57150,5
57175,5
57200,6
57225,6
57250,6
57275,6
57300,6
57325,6
57350,6
57375,6
57400,6
57425,6
57450,6
57475,6
57500,6
57525,6
57550,6
57575,6
57600,6
57625,6
57650,6
57675,6
57700,6
57725,6
57750,6
57775,6
57800,6
57825,6
57850,6
57875,6
57900,6
57925,6
57950,6
57975,6
58000,6
58025,6
58050,6
58075,6
58100,6
58125,6
58150,6
58175,6
58200,6
58225,6
58250,6
58275,6
58300,6
58325,6
58350,6
58375,6
58400,6
58425,6
58450,6
58475,6
58500,6
58525,6
58550,6
58575,6
58600,6
58625,6
58650,6
58675,6
58700,6
58725,6
58750,6
58775,6
58800,6
58825,6
58850,6
58875,6
58900,6
58925,6
58950,6
58975,6
59000,6
59025,6
59050,6
59075,6
59100,6
59125,6
59150,6
59175,6
59200,6
59225,6
59250,6
59275,6
59300,6
59325,6
59350,6
59375,6
59400,6
59425,6
59450,6
59475,6
59500,6
59525,6
