Frame,Grasper,Bipolar,Hook,Scissors,Clipper,Irrigator,SpecimenBag
0,0,0,0,0,0,0,0
25,0,0,0,0,0,0,0
50,0,0,0,0,0,0,0
75,0,0,0,0,0,0,0
100,0,0,0,0,0,0,0
125,0,0,0,0,0,0,0
150,0,0,0,0,0,0,0
175,0,0,0,0,0,0,0
200,0,0,0,0,0,0,0
225,0,0,0,0,0,0,0
250,0,0,0,0,0,0,0
275,0,0,0,0,0,0,0
300,0,0,0,0,0,0,0
325,0,0,0,0,0,0,0
350,0,0,0,0,0,0,0
375,0,0,0,0,0,0,0
400,0,0,0,0,0,0,0
425,0,0,0,0,0,0,0
450,0,0,0,0,0,0,0
475,0,0,0,0,0,0,0
500,0,0,0,0,0,0,0
525,0,0,0,0,0,0,0
550,0,0,0,0,0,0,0
575,0,0,0,0,0,0,0
600,0,0,0,0,0,0,0
625,0,0,0,0,0,0,0
650,0,0,0,0,0,0,0
675,0,0,0,0,0,0,0
700,0,0,0,0,0,0,0
725,0,0,0,0,0,0,0
750,0,0,0,0,0,0,0
775,0,0,0,0,0,0,0
800,0,0,0,0,0,0,0
825,0,0,0,0,0,0,0
850,0,0,0,0,0,0,0
875,0,0,0,0,0,0,0
900,0,0,0,0,0,0,0
925,0,0,0,0,0,0,0
950,0,0,0,0,0,0,0
975,0,0,0,0,0,0,0
1000,0,0,0,0,0,0,0
1025,0,0,0,0,0,0,0
1050,0,0,0,0,0,0,0
1075,0,0,0,0,0,0,0
1100,0,0,0,0,0,0,0
1125,0,0,0,0,0,0,0
1150,0,0,0,0,0,0,0
1175,0,0,0,0,0,0,0
1200,0,0,0,0,0,0,0
1225,0,0,0,0,0,0,0
1250,0,0,0,0,0,0,0
1275,0,0,0,0,0,0,0
1300,0,0,0,0,0,0,0
1325,0,0,0,0,0,0,0
1350,0,0,0,0,0,0,0
1375,0,0,0,0,0,0,0
1400,0,0,0,0,0,0,0
1425,0,0,0,0,0,0,0
1450,0,0,0,0,0,0,0
1475,0,0,0,0,0,0,0
1500,0,0,0,0,0,0,0
1525,0,0,0,0,0,0,0
1550,0,0,0,0,0,0,0
1575,0,0,0,0,0,0,0
1600,0,0,0,0,0,0,0
1625,0,0,0,0,0,0,0
1650,0,0,0,0,0,0,0
1675,1,0,0,0,0,0,0
1700,1,0,0,0,0,0,0
1725,1,0,0,0,0,0,0
1750,1,0,0,0,0,0,0
1775,1,0,0,0,0,0,0
1800,1,0,0,0,0,0,0
1825,1,0,0,0,0,0,0
1850,1,0,0,0,0,0,0
1875,1,0,0,0,0,0,0
1900,1,0,0,0,0,0,0
1925,1,0,0,0,0,0,0
1950,1,0,0,0,0,0,0
1975,1,0,0,0,0,0,0
2000,1,0,0,0,0,0,0
2025,1,0,0,0,0,0,0
2050,1,0,0,0,0,0,0
2075,1,0,0,0,0,0,0
2100,1,0,0,0,0,0,0
2125,1,0,0,0,0,0,0
2150,1,0,0,0,0,0,0
2175,1,0,0,0,0,0,0
2200,1,0,0,0,0,0,0
2225,1,0,0,0,0,0,0
2250,1,0,0,0,0,0,0
2275,1,0,0,0,0,0,0
2300,1,0,0,0,0,0,0
2325,1,0,0,0,0,0,0
2350,1,0,0,0,0,0,0
2375,1,0,0,0,0,0,0
2400,1,0,0,0,0,0,0
2425,1,0,0,0,0,0,0
2450,1,0,1,0,0,0,0
2475,1,0,1,0,0,0,0
2500,1,0,1,0,0,0,0
2525,1,0,1,0,0,0,0
2550,1,0,1,0,0,0,0
2575,1,0,1,0,0,0,0
2600,1,0,1,0,0,0,0
2625,1,0,1,0,0,0,0
2650,1,0,1,0,0,0,0
2675,1,0,1,0,0,0,0
2700,1,0,1,0,0,0,0
2725,1,0,1,0,0,0,0
2750,1,0,1,0,0,0,0
2775,1,0,1,0,0,0,0
2800,1,0,1,0,0,0,0
2825,1,0,1,0,0,0,0
2850,1,0,1,0,0,0,0
2875,1,0,1,0,0,0,0
2900,1,0,1,0,0,0,0
2925,1,0,1,0,0,0,0
2950,1,0,1,0,0,0,0
2975,1,0,1,0,0,0,0
3000,1,0,1,0,0,0,0
3025,1,0,1,0,0,0,0
3050,1,0,1,0,0,0,0
3075,1,0,1,0,0,0,0
3100,1,0,1,0,0,0,0
3125,1,0,1,0,0,0,0
3150,1,0,1,0,0,0,0
3175,1,0,1,0,0,0,0
3200,1,0,1,0,0,0,0
3225,1,0,1,0,0,0,0
3250,1,0,1,0,0,0,0
3275,1,0,1,0,0,0,0
3300,1,0,1,0,0,0,0
3325,1,0,1,0,0,0,0
3350,1,0,1,0,0,0,0
3375,1,0,1,0,0,0,0
3400,1,0,1,0,0,0,0
3425,1,0,1,0,0,0,0
3450,1,0,1,0,0,0,0
3475,1,0,1,0,0,0,0
3500,1,0,1,0,0,0,0
3525,1,0,1,0,0,0,0
3550,1,0,1,0,0,0,0
3575,1,0,1,0,0,0,0
3600,1,0,1,0,0,0,0
3625,1,0,1,0,0,0,0
3650,1,0,1,0,0,0,0
3675,1,0,1,0,0,0,0
3700,1,0,1,0,0,0,0
3725,1,0,1,0,0,0,0
3750,1,0,1,0,0,0,0
3775,1,0,1,0,0,0,0
3800,1,0,1,0,0,0,0
3825,1,0,1,0,0,0,0
3850,1,0,1,0,0,0,0
3875,1,0,1,0,0,0,0
3900,1,0,1,0,0,0,0
3925,1,0,1,0,0,0,0
3950,1,0,1,0,0,0,0
3975,1,0,1,0,0,0,0
4000,1,0,1,0,0,0,0
4025,1,0,1,0,0,0,0
4050,1,0,1,0,0,0,0
4075,1,0,1,0,0,0,0
4100,1,0,1,0,0,0,0
4125,1,0,1,0,0,0,0
4150,1,0,1,0,0,0,0
4175,1,0,1,0,0,0,0
4200,1,0,1,0,0,0,0
4225,1,0,1,0,0,0,0
4250,1,0,1,0,0,0,0
4275,1,0,1,0,0,0,0
4300,1,0,1,0,0,0,0
4325,1,0,1,0,0,0,0
4350,1,0,1,0,0,0,0
4375,1,0,1,0,0,0,0
4400,1,0,1,0,0,0,0
4425,1,0,1,0,0,0,0
4450,1,0,1,0,0,0,0
4475,1,0,1,0,0,0,0
4500,1,0,1,0,0,0,0
4525,1,0,1,0,0,0,0
4550,1,0,1,0,0,0,0
4575,1,0,1,0,0,0,0
4600,1,0,1,0,0,0,0
4625,1,0,1,0,0,0,0
4650,1,0,1,0,0,0,0
4675,1,0,1,0,0,0,0
4700,1,0,1,0,0,0,0
4725,1,0,1,0,0,0,0
4750,1,0,1,0,0,0,0
4775,1,0,1,0,0,0,0
4800,1,0,1,0,0,0,0
4825,0,0,1,0,0,0,0
4850,0,0,1,0,0,0,0
4875,0,0,1,0,0,0,0
4900,0,0,1,0,0,0,0
4925,0,0,1,0,0,0,0
4950,0,0,1,0,0,0,0
4975,0,0,1,0,0,0,0
5000,0,0,1,0,0,0,0
5025,0,0,1,0,0,0,0
5050,0,0,1,0,0,0,0
5075,0,0,1,0,0,0,0
5100,0,0,1,0,0,0,0
5125,0,0,1,0,0,0,0
5150,0,0,1,0,0,0,0
5175,0,0,1,0,0,0,0
5200,0,0,1,0,0,0,0
5225,0,0,1,0,0,0,0
5250,0,0,1,0,0,0,0
5275,0,0,1,0,0,0,0
5300,0,0,1,0,0,0,0
5325,0,0,1,0,0,0,0
5350,0,0,1,0,0,0,0
5375,0,0,1,0,0,0,0
5400,0,0,1,0,0,0,0
5425,0,0,1,0,0,0,0
5450,0,0,1,0,0,0,0
5475,0,0,1,0,0,0,0
5500,0,0,1,0,0,0,0
5525,0,0,1,0,0,0,0
5550,0,0,1,0,0,0,0
5575,0,0,1,0,0,0,0
5600,0,0,1,0,0,0,0
5625,0,0,1,0,0,0,0
5650,0,0,1,0,0,0,0
5675,0,0,1,0,0,0,0
5700,0,0,1,0,0,0,0
5725,0,0,1,0,0,0,0
5750,0,0,1,0,0,0,0
5775,0,0,1,0,0,0,0
5800,0,0,1,0,0,0,0
5825,0,0,1,0,0,0,0
5850,1,0,1,0,0,0,0
5875,1,0,1,0,0,0,0
5900,1,0,1,0,0,0,0
5925,1,0,1,0,0,0,0
5950,1,0,1,0,0,0,0
5975,1,0,1,0,0,0,0
6000,1,0,1,0,0,0,0
6025,1,0,1,0,0,0,0
6050,1,0,1,0,0,0,0
6075,1,0,1,0,0,0,0
6100,1,0,1,0,0,0,0
6125,1,0,1,0,0,0,0
6150,1,0,1,0,0,0,0
6175,1,0,1,0,0,0,0
6200,1,0,1,0,0,0,0
6225,1,0,1,0,0,0,0
6250,1,0,1,0,0,0,0
6275,1,0,1,0,0,0,0
6300,1,0,1,0,0,0,0
6325,1,0,1,0,0,0,0
6350,1,0,1,0,0,0,0
6375,1,0,1,0,0,0,0
6400,1,0,1,0,0,0,0
6425,1,0,1,0,0,0,0
6450,1,0,1,0,0,0,0
6475,1,0,1,0,0,0,0
6500,1,0,1,0,0,0,0
6525,1,0,1,0,0,0,0
6550,1,0,1,0,0,0,0
6575,1,0,1,0,0,0,0
6600,1,0,1,0,0,0,0
6625,1,0,1,0,0,0,0
6650,1,0,1,0,0,0,0
6675,1,0,1,0,0,0,0
6700,1,0,1,0,0,0,0
6725,1,0,1,0,0,0,0
6750,1,0,1,0,0,0,0
6775,1,0,1,0,0,0,0
6800,1,0,1,0,0,0,0
6825,1,0,1,0,0,0,0
6850,1,0,1,0,0,0,0
6875,1,0,1,0,0,0,0
6900,1,0,1,0,0,0,0
6925,1,0,1,0,0,0,0
6950,1,0,1,0,0,0,0
6975,1,0,1,0,0,0,0
7000,1,0,1,0,0,0,0
7025,1,0,1,0,0,0,0
7050,1,0,1,0,0,0,0
7075,1,0,1,0,0,0,0
7100,1,0,1,0,0,0,0
7125,1,0,1,0,0,0,0
7150,1,0,1,0,0,0,0
7175,1,0,1,0,0,0,0
7200,1,0,1,0,0,0,0
7225,1,0,1,0,0,0,0
7250,1,0,1,0,0,0,0
7275,1,0,1,0,0,0,0
7300,1,0,1,0,0,0,0
7325,1,0,1,0,0,0,0
7350,1,0,1,0,0,0,0
7375,1,0,1,0,0,0,0
7400,1,0,1,0,0,0,0
7425,1,0,1,0,0,0,0
7450,1,0,1,0,0,0,0
7475,1,0,1,0,0,0,0
7500,1,0,1,0,0,0,0
7525,1,0,1,0,0,0,0
7550,1,0,1,0,0,0,0
7575,1,0,1,0,0,0,0
7600,1,0,1,0,0,0,0
7625,1,0,1,0,0,0,0
7650,1,0,1,0,0,0,0
7675,1,0,1,0,0,0,0
7700,1,0,1,0,0,0,0
7725,1,0,1,0,0,0,0
7750,1,0,1,0,0,0,0
7775,1,0,1,0,0,0,0
7800,1,0,1,0,0,0,0
7825,1,0,1,0,0,0,0
7850,1,0,1,0,0,0,0
7875,1,0,1,0,0,0,0
7900,1,0,1,0,0,0,0
7925,1,0,1,0,0,0,0
7950,0,0,1,0,0,0,0
7975,0,0,1,0,0,0,0
8000,0,0,1,0,0,0,0
8025,0,0,1,0,0,0,0
8050,0,0,1,0,0,0,0
8075,0,0,1,0,0,0,0
8100,0,0,1,0,0,0,0
8125,0,0,1,0,0,0,0
8150,0,0,1,0,0,0,0
8175,0,0,1,0,0,0,0
8200,0,0,1,0,0,0,0
8225,0,0,1,0,0,0,0
8250,0,0,1,0,0,0,0
8275,0,0,1,0,0,0,0
8300,0,0,1,0,0,0,0
8325,0,0,1,0,0,0,0
8350,0,0,1,0,0,0,0
8375,0,0,1,0,0,0,0
8400,0,0,1,0,0,0,0
8425,0,0,1,0,0,0,0
8450,0,0,1,0,0,0,0
8475,0,0,1,0,0,0,0
8500,0,0,1,0,0,0,0
8525,0,0,1,0,0,0,0
8550,0,0,1,0,0,0,0
8575,0,0,1,0,0,0,0
8600,0,0,1,0,0,0,0
8625,0,0,1,0,0,0,0
8650,0,0,1,0,0,0,0
8675,0,0,1,0,0,0,0
8700,0,0,1,0,0,0,0
8725,0,0,1,0,0,0,0
8750,0,0,1,0,0,0,0
8775,0,0,1,0,0,0,0
8800,0,0,1,0,0,0,0
8825,0,0,1,0,0,0,0
8850,1,0,1,0,0,0,0
8875,1,0,1,0,0,0,0
8900,1,0,1,0,0,0,0
8925,1,0,1,0,0,0,0
8950,1,0,1,0,0,0,0
8975,1,0,1,0,0,0,0
9000,1,0,1,0,0,0,0
9025,1,0,1,0,0,0,0
9050,1,0,1,0,0,0,0
9075,1,0,1,0,0,0,0
9100,1,0,1,0,0,0,0
9125,1,0,1,0,0,0,0
9150,1,0,1,0,0,0,0
9175,1,0,1,0,0,0,0
9200,1,0,1,0,0,0,0
9225,1,0,1,0,0,0,0
9250,1,0,1,0,0,0,0
9275,1,0,1,0,0,0,0
9300,1,0,1,0,0,0,0
9325,1,0,1,0,0,0,0
9350,1,0,1,0,0,0,0
9375,1,0,1,0,0,0,0
9400,1,0,1,0,0,0,0
9425,1,0,1,0,0,0,0
9450,1,0,1,0,0,0,0
9475,1,0,1,0,0,0,0
9500,1,0,1,0,0,0,0
9525,1,0,1,0,0,0,0
9550,1,0,1,0,0,0,0
9575,1,0,1,0,0,0,0
9600,1,0,1,0,0,0,0
9625,1,0,1,0,0,0,0
9650,1,0,1,0,0,0,0
9675,1,0,1,0,0,0,0
9700,1,0,1,0,0,0,0
9725,1,0,1,0,0,0,0
9750,1,0,1,0,0,0,0
9775,1,0,1,0,0,0,0
9800,1,0,1,0,0,0,0
9825,1,0,1,0,0,0,0
9850,1,0,1,0,0,0,0
9875,1,0,1,0,0,0,0
9900,1,0,1,0,0,0,0
9925,1,0,1,0,0,0,0
9950,1,0,1,0,0,0,0
9975,1,0,1,0,0,0,0
10000,1,0,1,0,0,0,0
10025,1,0,1,0,0,0,0
10050,1,0,1,0,0,0,0
10075,1,0,1,0,0,0,0
10100,1,0,1,0,0,0,0
10125,1,0,1,0,0,0,0
10150,1,0,1,0,0,0,0
10175,1,0,1,0,0,0,0
10200,1,0,1,0,0,0,0
10225,1,0,1,0,0,0,0
10250,1,0,1,0,0,0,0
10275,1,0,1,0,0,0,0
10300,1,0,1,0,0,0,0
10325,1,0,1,0,0,0,0
10350,1,0,1,0,0,0,0
10375,1,0,0,0,0,0,0
10400,1,0,0,0,0,0,0
10425,1,0,0,0,0,0,0
10450,1,0,0,0,0,0,0
10475,1,0,0,0,0,0,0
10500,1,0,0,0,0,0,0
10525,1,0,0,0,0,0,0
10550,1,0,0,0,0,0,0
10575,1,0,0,0,0,0,0
10600,1,0,0,0,0,0,0
10625,1,0,0,0,0,0,0
10650,1,0,0,0,0,0,0
10675,1,0,0,0,0,0,0
10700,1,0,0,0,0,0,0
10725,1,0,0,0,0,0,0
10750,1,0,0,0,0,0,0
10775,1,0,0,0,0,0,0
10800,1,0,0,0,0,0,0
10825,1,0,0,0,0,0,0
10850,0,0,1,0,0,0,0
10875,0,0,1,0,0,0,0
10900,0,0,1,0,0,0,0
10925,0,0,1,0,0,0,0
10950,0,0,1,0,0,0,0
10975,0,0,1,0,0,0,0
11000,0,0,1,0,0,0,0
11025,0,0,1,0,0,0,0
11050,0,0,1,0,0,0,0
11075,0,0,1,0,0,0,0
11100,0,0,1,0,0,0,0
11125,0,0,1,0,0,0,0
11150,0,0,1,0,0,0,0
11175,0,0,1,0,0,0,0
11200,0,0,1,0,0,0,0
11225,0,0,1,0,0,0,0
11250,0,0,1,0,0,0,0
11275,0,0,1,0,0,0,0
11300,0,0,1,0,0,0,0
11325,0,0,1,0,0,0,0
11350,0,0,1,0,0,0,0
11375,0,0,1,0,0,0,0
11400,0,0,1,0,0,0,0
11425,0,0,1,0,0,0,0
11450,0,0,1,0,0,0,0
11475,0,0,1,0,0,0,0
11500,0,0,1,0,0,0,0
11525,0,0,1,0,0,0,0
11550,0,0,1,0,0,0,0
11575,0,0,1,0,0,0,0
11600,0,0,1,0,0,0,0
11625,0,0,1,0,0,0,0
11650,0,0,1,0,0,0,0
11675,0,0,1,0,0,0,0
11700,0,0,1,0,0,0,0
11725,0,0,1,0,0,0,0
11750,0,0,1,0,0,0,0
11775,0,0,1,0,0,0,0
11800,0,0,1,0,0,0,0
11825,0,0,1,0,0,0,0
11850,0,0,1,0,0,0,0
11875,0,0,1,0,0,0,0
11900,0,0,1,0,0,0,0
11925,0,0,1,0,0,0,0
11950,0,0,1,0,0,0,0
11975,0,0,1,0,0,0,0
12000,0,0,1,0,0,0,0
12025,0,0,1,0,0,0,0
12050,0,0,1,0,0,0,0
12075,0,0,1,0,0,0,0
12100,0,0,1,0,0,0,0
12125,0,0,1,0,0,0,0
12150,0,0,1,0,0,0,0
12175,0,0,1,0,0,0,0
12200,0,0,1,0,0,0,0
12225,0,0,1,0,0,0,0
12250,0,0,1,0,0,0,0
12275,0,0,1,0,0,0,0
12300,0,0,1,0,0,0,0
12325,0,0,1,0,0,0,0
12350,0,0,1,0,0,0,0
12375,0,0,1,0,0,0,0
12400,0,0,1,0,0,0,0
12425,0,0,1,0,0,0,0
12450,0,0,1,0,0,0,0
12475,0,0,1,0,0,0,0
12500,0,0,1,0,0,0,0
12525,0,0,1,0,0,0,0
12550,0,0,1,0,0,0,0
12575,0,0,1,0,0,0,0
12600,0,0,1,0,0,0,0
12625,0,0,1,0,0,0,0
12650,0,0,1,0,0,0,0
12675,0,0,1,0,0,0,0
12700,0,0,1,0,0,0,0
12725,0,0,1,0,0,0,0
12750,0,0,1,0,0,0,0
12775,0,0,1,0,0,0,0
12800,0,0,1,0,0,0,0
12825,0,0,1,0,0,0,0
12850,0,0,1,0,0,0,0
12875,0,0,1,0,0,0,0
12900,0,0,1,0,0,0,0
12925,0,0,1,0,0,0,0
12950,0,0,1,0,0,0,0
12975,0,0,1,0,0,0,0
13000,0,0,1,0,0,0,0
13025,0,0,1,0,0,0,0
13050,0,0,1,0,0,0,0
13075,0,0,1,0,0,0,0
13100,0,0,1,0,0,0,0
13125,0,0,1,0,0,0,0
13150,0,0,1,0,0,0,0
13175,0,0,1,0,0,0,0
13200,0,0,1,0,0,0,0
13225,0,0,1,0,0,0,0
13250,0,0,1,0,0,0,0
13275,0,0,1,0,0,0,0
13300,0,0,1,0,0,0,0
13325,0,0,1,0,0,0,0
13350,0,0,1,0,0,0,0
13375,0,0,1,0,0,0,0
13400,0,0,1,0,0,0,0
13425,0,0,1,0,0,0,0
13450,0,0,1,0,0,0,0
13475,0,0,1,0,0,0,0
13500,0,0,1,0,0,0,0
13525,0,0,1,0,0,0,0
13550,0,0,1,0,0,0,0
13575,0,0,1,0,0,0,0
13600,0,0,1,0,0,0,0
13625,0,0,1,0,0,0,0
13650,0,0,1,0,0,0,0
13675,0,0,1,0,0,0,0
13700,0,0,1,0,0,0,0
13725,0,0,1,0,0,0,0
13750,0,0,1,0,0,0,0
13775,0,0,1,0,0,0,0
13800,0,0,1,0,0,0,0
13825,0,0,1,0,0,0,0
13850,0,0,1,0,0,0,0
13875,0,0,1,0,0,0,0
13900,0,0,1,0,0,0,0
13925,1,0,1,0,0,0,0
13950,1,0,1,0,0,0,0
13975,1,0,1,0,0,0,0
14000,1,0,1,0,0,0,0
14025,1,0,1,0,0,0,0
14050,1,0,1,0,0,0,0
14075,1,0,1,0,0,0,0
14100,1,0,1,0,0,0,0
14125,1,0,1,0,0,0,0
14150,1,0,1,0,0,0,0
14175,1,0,1,0,0,0,0
14200,1,0,1,0,0,0,0
14225,1,0,1,0,0,0,0
14250,1,0,1,0,0,0,0
14275,1,0,1,0,0,0,0
14300,1,0,1,0,0,0,0
14325,1,0,1,0,0,0,0
14350,1,0,1,0,0,0,0
14375,1,0,1,0,0,0,0
14400,1,0,1,0,0,0,0
14425,1,0,1,0,0,0,0
14450,1,0,1,0,0,0,0
14475,1,0,1,0,0,0,0
14500,1,0,1,0,0,0,0
14525,1,0,1,0,0,0,0
14550,1,0,1,0,0,0,0
14575,1,0,1,0,0,0,0
14600,1,0,1,0,0,0,0
14625,1,0,1,0,0,0,0
14650,1,0,1,0,0,0,0
14675,1,0,1,0,0,0,0
14700,1,0,1,0,0,0,0
14725,1,0,1,0,0,0,0
14750,1,0,1,0,0,0,0
14775,1,0,1,0,0,0,0
14800,1,0,1,0,0,0,0
14825,1,0,1,0,0,0,0
14850,1,0,1,0,0,0,0
14875,1,0,1,0,0,0,0
14900,1,0,1,0,0,0,0
14925,1,0,1,0,0,0,0
14950,1,0,1,0,0,0,0
14975,1,0,1,0,0,0,0
15000,1,0,1,0,0,0,0
15025,1,0,1,0,0,0,0
15050,1,0,1,0,0,0,0
15075,1,0,1,0,0,0,0
15100,1,0,1,0,0,0,0
15125,1,0,1,0,0,0,0
15150,1,0,1,0,0,0,0
15175,1,0,1,0,0,0,0
15200,0,0,1,0,0,0,0
15225,0,0,1,0,0,0,0
15250,0,0,1,0,0,0,0
15275,0,0,1,0,0,0,0
15300,0,0,1,0,0,0,0
15325,0,0,1,0,0,0,0
15350,0,0,1,0,0,0,0
15375,0,0,1,0,0,0,0
15400,0,0,1,0,0,0,0
15425,0,0,1,0,0,0,0
15450,0,0,1,0,0,0,0
15475,0,0,1,0,0,0,0
15500,0,0,1,0,0,0,0
15525,0,0,1,0,0,0,0
15550,0,0,1,0,0,0,0
15575,0,0,1,0,0,0,0
15600,0,0,1,0,0,0,0
15625,0,0,1,0,0,0,0
15650,0,0,1,0,0,0,0
15675,0,0,1,0,0,0,0
15700,0,0,1,0,0,0,0
15725,0,0,1,0,0,0,0
15750,0,0,1,0,0,0,0
15775,0,0,1,0,0,0,0
15800,0,0,1,0,0,0,0
15825,0,0,1,0,0,0,0
15850,0,0,1,0,0,0,0
15875,0,0,1,0,0,0,0
15900,0,0,1,0,0,0,0
15925,0,0,1,0,0,0,0
15950,0,0,1,0,0,0,0
15975,0,0,1,0,0,0,0
16000,1,0,0,0,0,0,0
16025,1,0,0,0,0,0,0
16050,1,0,0,0,0,0,0
16075,1,0,0,0,0,0,0
16100,1,0,0,0,0,0,0
16125,1,0,0,0,0,0,0
16150,1,0,0,0,0,0,0
16175,1,0,0,0,0,0,0
16200,1,0,0,0,0,0,0
16225,1,0,0,0,0,0,0
16250,1,0,0,0,0,0,0
16275,1,0,0,0,0,0,0
16300,1,0,0,0,0,0,0
16325,1,0,0,0,0,0,0
16350,1,0,0,0,0,0,0
16375,1,0,0,0,0,0,0
16400,1,0,0,0,0,0,0
16425,1,0,0,0,0,0,0
16450,1,0,0,0,0,0,0
16475,1,0,0,0,0,0,0
16500,1,0,0,0,0,0,0
16525,1,0,0,0,0,0,0
16550,1,0,0,0,0,0,0
16575,1,0,0,0,0,0,0
16600,1,0,0,0,0,0,0
16625,1,0,0,0,0,0,0
16650,1,0,0,0,0,0,0
16675,1,0,0,0,0,0,0
16700,1,0,0,0,0,0,0
16725,1,0,0,0,0,0,0
16750,1,0,0,0,0,0,0
16775,1,0,0,0,0,0,0
16800,1,0,0,0,0,0,0
16825,1,0,0,0,0,0,0
16850,1,0,0,0,0,0,0
16875,1,0,0,0,0,0,0
16900,1,0,0,0,0,0,0
16925,1,0,0,0,0,0,0
16950,1,0,0,0,0,0,0
16975,1,0,0,0,0,0,0
17000,1,0,1,0,0,0,0
17025,1,0,1,0,0,0,0
17050,1,0,1,0,0,0,0
17075,1,0,1,0,0,0,0
17100,1,0,1,0,0,0,0
17125,1,0,1,0,0,0,0
17150,1,0,1,0,0,0,0
17175,1,0,1,0,0,0,0
17200,1,0,1,0,0,0,0
17225,1,0,1,0,0,0,0
17250,1,0,1,0,0,0,0
17275,1,0,1,0,0,0,0
17300,1,0,1,0,0,0,0
17325,1,0,1,0,0,0,0
17350,1,0,1,0,0,0,0
17375,1,0,1,0,0,0,0
17400,1,0,1,0,0,0,0
17425,1,0,1,0,0,0,0
17450,1,0,1,0,0,0,0
17475,1,0,1,0,0,0,0
17500,1,0,1,0,0,0,0
17525,1,0,1,0,0,0,0
17550,1,0,1,0,0,0,0
17575,1,0,1,0,0,0,0
17600,1,0,1,0,0,0,0
17625,1,0,1,0,0,0,0
17650,1,0,1,0,0,0,0
17675,1,0,1,0,0,0,0
17700,1,0,1,0,0,0,0
17725,1,0,1,0,0,0,0
17750,1,0,1,0,0,0,0
17775,1,0,1,0,0,0,0
17800,1,0,1,0,0,0,0
17825,1,0,1,0,0,0,0
17850,1,0,1,0,0,0,0
17875,1,0,1,0,0,0,0
17900,1,0,1,0,0,0,0
17925,1,0,1,0,0,0,0
17950,1,0,1,0,0,0,0
17975,1,0,1,0,0,0,0
18000,1,0,1,0,0,0,0
18025,1,0,1,0,0,0,0
18050,1,0,1,0,0,0,0
18075,1,0,1,0,0,0,0
18100,1,0,1,0,0,0,0
18125,1,0,1,0,0,0,0
18150,1,0,1,0,0,0,0
18175,1,0,1,0,0,0,0
18200,1,0,1,0,0,0,0
18225,1,0,1,0,0,0,0
18250,1,0,1,0,0,0,0
18275,1,0,1,0,0,0,0
18300,1,0,1,0,0,0,0
18325,1,0,1,0,0,0,0
18350,1,0,1,0,0,0,0
18375,1,0,1,0,0,0,0
18400,1,0,1,0,0,0,0
18425,1,0,1,0,0,0,0
18450,1,0,1,0,0,0,0
18475,1,0,1,0,0,0,0
18500,1,0,1,0,0,0,0
18525,1,0,1,0,0,0,0
18550,1,0,1,0,0,0,0
18575,1,0,1,0,0,0,0
18600,1,0,1,0,0,0,0
18625,1,0,1,0,0,0,0
18650,1,0,1,0,0,0,0
18675,1,0,1,0,0,0,0
18700,1,0,1,0,0,0,0
18725,1,0,1,0,0,0,0
18750,1,0,1,0,0,0,0
18775,1,0,1,0,0,0,0
18800,1,0,1,0,0,0,0
18825,1,0,1,0,0,0,0
18850,1,0,1,0,0,0,0
18875,1,0,1,0,0,0,0
18900,1,0,1,0,0,0,0
18925,1,0,1,0,0,0,0
18950,1,0,1,0,0,0,0
18975,1,0,1,0,0,0,0
19000,1,0,1,0,0,0,0
19025,1,0,1,0,0,0,0
19050,1,0,1,0,0,0,0
19075,1,0,1,0,0,0,0
19100,1,0,1,0,0,0,0
19125,1,0,1,0,0,0,0
19150,1,0,1,0,0,0,0
19175,1,0,1,0,0,0,0
19200,1,0,1,0,0,0,0
19225,1,0,1,0,0,0,0
19250,1,0,1,0,0,0,0
19275,1,0,1,0,0,0,0
19300,1,0,1,0,0,0,0
19325,1,0,1,0,0,0,0
19350,1,0,1,0,0,0,0
19375,1,0,1,0,0,0,0
19400,1,0,1,0,0,0,0
19425,1,0,1,0,0,0,0
19450,1,0,1,0,0,0,0
19475,1,0,1,0,0,0,0
19500,1,0,1,0,0,0,0
19525,0,0,1,0,0,0,0
19550,0,0,1,0,0,0,0
19575,0,0,1,0,0,0,0
19600,0,0,1,0,0,0,0
19625,0,0,1,0,0,0,0
19650,0,0,1,0,0,0,0
19675,0,0,1,0,0,0,0
19700,0,0,1,0,0,0,0
19725,0,0,1,0,0,0,0
19750,0,0,1,0,0,0,0
19775,0,0,1,0,0,0,0
19800,0,0,1,0,0,0,0
19825,0,0,1,0,0,0,0
19850,0,0,1,0,0,0,0
19875,0,0,1,0,0,0,0
19900,0,0,1,0,0,0,0
19925,0,0,1,0,0,0,0
19950,0,0,1,0,0,0,0
19975,0,0,1,0,0,0,0
20000,0,0,1,0,0,0,0
20025,1,0,0,0,0,0,0
20050,1,0,0,0,0,0,0
20075,1,0,0,0,0,0,0
20100,1,0,0,0,0,0,0
20125,1,0,0,0,0,0,0
20150,1,0,0,0,0,0,0
20175,1,0,0,0,0,0,0
20200,1,0,0,0,0,0,0
20225,1,0,0,0,0,0,0
20250,1,0,0,0,0,0,0
20275,1,0,0,0,0,0,0
20300,1,0,0,0,0,0,0
20325,1,0,0,0,0,0,0
20350,1,0,0,0,0,0,0
20375,1,0,0,0,0,0,0
20400,1,0,0,0,0,0,0
20425,1,0,0,0,0,0,0
20450,1,0,0,0,0,0,0
20475,1,0,0,0,0,0,0
20500,1,0,0,0,0,0,0
20525,1,0,0,0,0,0,0
20550,1,0,0,0,0,0,0
20575,1,0,0,0,0,0,0
20600,1,0,0,0,0,0,0
20625,1,0,0,0,0,0,0
20650,1,0,0,0,0,0,0
20675,1,0,0,0,0,0,0
20700,1,0,0,0,0,0,0
20725,1,0,0,0,0,0,0
20750,1,0,0,0,0,0,0
20775,1,0,0,0,0,0,0
20800,1,0,0,0,0,0,0
20825,1,0,0,0,0,0,0
20850,1,0,0,0,0,0,0
20875,1,0,0,0,0,0,0
20900,1,0,0,0,0,0,0
20925,1,0,0,0,0,0,0
20950,1,0,0,0,0,0,0
20975,1,0,0,0,0,0,0
21000,1,0,0,0,0,0,0
21025,1,0,0,0,0,0,0
21050,1,0,0,0,0,0,0
21075,1,0,0,0,0,0,0
21100,1,0,0,0,0,0,0
21125,1,0,0,0,0,0,0
21150,1,0,0,0,0,0,0
21175,1,0,0,0,0,0,0
21200,1,0,0,0,0,0,0
21225,1,0,0,0,0,0,0
21250,1,0,0,0,0,0,0
21275,1,0,0,0,0,0,0
21300,1,0,0,0,0,0,0
21325,1,0,0,0,0,0,0
21350,1,0,0,0,0,0,0
21375,1,0,0,0,0,0,0
21400,1,0,0,0,0,0,0
21425,1,0,0,0,0,0,0
21450,1,0,0,0,0,0,0
21475,1,0,0,0,0,0,0
21500,1,0,0,0,0,0,0
21525,1,0,0,0,0,0,0
21550,1,0,1,0,0,0,0
21575,1,0,1,0,0,0,0
21600,1,0,1,0,0,0,0
21625,1,0,1,0,0,0,0
21650,1,0,1,0,0,0,0
21675,1,0,1,0,0,0,0
21700,1,0,1,0,0,0,0
21725,1,0,1,0,0,0,0
21750,1,0,1,0,0,0,0
21775,1,0,1,0,0,0,0
21800,1,0,1,0,0,0,0
21825,1,0,1,0,0,0,0
21850,1,0,1,0,0,0,0
21875,1,0,1,0,0,0,0
21900,1,0,1,0,0,0,0
21925,1,0,1,0,0,0,0
21950,1,0,1,0,0,0,0
21975,1,0,1,0,0,0,0
22000,1,0,1,0,0,0,0
22025,1,0,1,0,0,0,0
22050,1,0,1,0,0,0,0
22075,1,0,1,0,0,0,0
22100,1,0,1,0,0,0,0
22125,1,0,1,0,0,0,0
22150,1,0,1,0,0,0,0
22175,1,0,1,0,0,0,0
22200,1,0,1,0,0,0,0
22225,1,0,1,0,0,0,0
22250,1,0,1,0,0,0,0
22275,1,0,1,0,0,0,0
22300,1,0,1,0,0,0,0
22325,1,0,1,0,0,0,0
22350,1,0,1,0,0,0,0
22375,1,0,1,0,0,0,0
22400,1,0,1,0,0,0,0
22425,1,0,1,0,0,0,0
22450,1,0,1,0,0,0,0
22475,1,0,1,0,0,0,0
22500,1,0,1,0,0,0,0
22525,1,0,1,0,0,0,0
22550,1,0,1,0,0,0,0
22575,1,0,1,0,0,0,0
22600,1,0,1,0,0,0,0
22625,1,0,1,0,0,0,0
22650,1,0,1,0,0,0,0
22675,1,0,1,0,0,0,0
22700,1,0,1,0,0,0,0
22725,1,0,1,0,0,0,0
22750,0,0,1,0,0,0,0
22775,0,0,1,0,0,0,0
22800,0,0,1,0,0,0,0
22825,0,0,1,0,0,0,0
22850,0,0,1,0,0,0,0
22875,0,0,1,0,0,0,0
22900,0,0,1,0,0,0,0
22925,0,0,1,0,0,0,0
22950,0,0,1,0,0,0,0
22975,0,0,1,0,0,0,0
23000,0,0,1,0,0,0,0
23025,0,0,1,0,0,0,0
23050,0,0,1,0,0,0,0
23075,0,0,1,0,0,0,0
23100,0,0,1,0,0,0,0
23125,0,0,1,0,0,0,0
23150,0,0,1,0,0,0,0
23175,0,0,1,0,0,0,0
23200,0,0,1,0,0,0,0
23225,0,0,1,0,0,0,0
23250,0,0,1,0,0,0,0
23275,0,0,1,0,0,0,0
23300,0,0,1,0,0,0,0
23325,0,0,1,0,0,0,0
23350,0,0,1,0,0,0,0
23375,1,0,0,0,0,1,0
23400,1,0,0,0,0,1,0
23425,1,0,0,0,0,1,0
23450,1,0,0,0,0,1,0
23475,1,0,0,0,0,1,0
23500,1,0,0,0,0,1,0
23525,1,0,0,0,0,1,0
23550,1,0,0,0,0,1,0
23575,1,0,0,0,0,1,0
23600,1,0,0,0,0,1,0
23625,1,0,0,0,0,1,0
23650,1,0,0,0,0,1,0
23675,1,0,0,0,0,1,0
23700,1,0,0,0,0,1,0
23725,1,0,0,0,0,1,0
23750,1,0,0,0,0,1,0
23775,1,0,0,0,0,1,0
23800,1,0,0,0,0,1,0
23825,1,0,0,0,0,1,0
23850,1,0,0,0,0,1,0
23875,1,0,0,0,0,1,0
23900,1,0,0,0,0,1,0
23925,1,0,0,0,0,1,0
23950,1,0,0,0,0,1,0
23975,1,0,0,0,0,1,0
24000,1,0,0,0,0,1,0
24025,1,0,0,0,0,1,0
24050,1,0,0,0,0,1,0
24075,1,0,0,0,0,1,0
24100,1,0,0,0,0,1,0
24125,1,0,0,0,0,1,0
24150,1,0,0,0,0,1,0
24175,1,0,0,0,0,1,0
24200,1,0,0,0,0,1,0
24225,1,0,0,0,0,1,0
24250,1,0,0,0,0,1,0
24275,1,0,0,0,0,1,0
24300,1,0,0,0,0,1,0
24325,1,0,0,0,0,1,0
24350,1,0,0,0,0,1,0
24375,1,0,0,0,0,1,0
24400,1,0,0,0,0,1,0
24425,1,0,1,0,0,0,0
24450,1,0,1,0,0,0,0
24475,1,0,1,0,0,0,0
24500,1,0,1,0,0,0,0
24525,1,0,1,0,0,0,0
24550,1,0,1,0,0,0,0
24575,1,0,1,0,0,0,0
24600,1,0,1,0,0,0,0
24625,1,0,1,0,0,0,0
24650,1,0,1,0,0,0,0
24675,1,0,1,0,0,0,0
24700,1,0,1,0,0,0,0
24725,1,0,1,0,0,0,0
24750,1,0,1,0,0,0,0
24775,1,0,1,0,0,0,0
24800,1,0,1,0,0,0,0
24825,1,0,1,0,0,0,0
24850,1,0,1,0,0,0,0
24875,1,0,1,0,0,0,0
24900,1,0,1,0,0,0,0
24925,1,0,1,0,0,0,0
24950,1,0,1,0,0,0,0
24975,1,0,1,0,0,0,0
25000,1,0,1,0,0,0,0
25025,1,0,1,0,0,0,0
25050,1,0,1,0,0,0,0
25075,1,0,1,0,0,0,0
25100,1,0,1,0,0,0,0
25125,1,0,1,0,0,0,0
25150,1,0,1,0,0,0,0
25175,1,0,1,0,0,0,0
25200,1,0,1,0,0,0,0
25225,1,0,1,0,0,0,0
25250,1,0,1,0,0,0,0
25275,1,0,1,0,0,0,0
25300,1,0,1,0,0,0,0
25325,1,0,1,0,0,0,0
25350,1,0,1,0,0,0,0
25375,1,0,1,0,0,0,0
25400,1,0,1,0,0,0,0
25425,1,0,1,0,0,0,0
25450,1,0,1,0,0,0,0
25475,1,0,1,0,0,0,0
25500,1,0,1,0,0,0,0
25525,1,0,1,0,0,0,0
25550,0,0,1,0,0,0,0
25575,0,0,1,0,0,0,0
25600,0,0,1,0,0,0,0
25625,0,0,1,0,0,0,0
25650,0,0,1,0,0,0,0
25675,0,0,1,0,0,0,0
25700,0,0,1,0,0,0,0
25725,0,0,1,0,0,0,0
25750,0,0,1,0,0,0,0
25775,0,0,1,0,0,0,0
25800,0,0,1,0,0,0,0
25825,0,0,1,0,0,0,0
25850,0,0,1,0,0,0,0
25875,0,0,1,0,0,0,0
25900,0,0,1,0,0,0,0
25925,0,0,1,0,0,0,0
25950,0,0,1,0,0,0,0
25975,0,0,1,0,0,0,0
26000,0,0,1,0,0,0,0
26025,0,0,1,0,0,0,0
26050,0,0,1,0,0,0,0
26075,0,0,1,0,0,0,0
26100,0,0,1,0,0,0,0
26125,0,0,1,0,0,0,0
26150,0,0,1,0,0,0,0
26175,0,0,1,0,0,0,0
26200,0,0,1,0,0,0,0
26225,0,0,1,0,0,0,0
26250,0,0,1,0,0,0,0
26275,0,0,1,0,0,0,0
26300,0,0,1,0,0,0,0
26325,0,0,1,0,0,0,0
26350,1,0,1,0,0,0,0
26375,1,0,1,0,0,0,0
26400,1,0,1,0,0,0,0
26425,1,0,1,0,0,0,0
26450,1,0,1,0,0,0,0
26475,1,0,1,0,0,0,0
26500,1,0,1,0,0,0,0
26525,1,0,1,0,0,0,0
26550,1,0,1,0,0,0,0
26575,1,0,1,0,0,0,0
26600,1,0,1,0,0,0,0
26625,1,0,1,0,0,0,0
26650,1,0,1,0,0,0,0
26675,1,0,1,0,0,0,0
26700,1,0,1,0,0,0,0
26725,1,0,1,0,0,0,0
26750,1,0,1,0,0,0,0
26775,1,0,1,0,0,0,0
26800,1,0,1,0,0,0,0
26825,1,0,1,0,0,0,0
26850,1,0,1,0,0,0,0
26875,1,0,1,0,0,0,0
26900,1,0,1,0,0,0,0
26925,1,0,1,0,0,0,0
26950,1,0,1,0,0,0,0
26975,1,0,1,0,0,0,0
27000,1,0,1,0,0,0,0
27025,1,0,1,0,0,0,0
27050,1,0,1,0,0,0,0
27075,1,0,1,0,0,0,0
27100,1,0,1,0,0,0,0
27125,1,0,1,0,0,0,0
27150,1,0,1,0,0,0,0
27175,1,0,1,0,0,0,0
27200,1,0,1,0,0,0,0
27225,1,0,1,0,0,0,0
27250,1,0,1,0,0,0,0
27275,0,0,1,0,0,0,0
27300,0,0,1,0,0,0,0
27325,0,0,1,0,0,0,0
27350,0,0,1,0,0,0,0
27375,0,0,1,0,0,0,0
27400,0,0,1,0,0,0,0
27425,0,0,1,0,0,0,0
27450,0,0,1,0,0,0,0
27475,0,0,1,0,0,0,0
27500,0,0,1,0,0,0,0
27525,0,0,1,0,0,0,0
27550,0,0,1,0,0,0,0
27575,0,0,1,0,0,0,0
27600,0,0,1,0,0,0,0
27625,0,0,1,0,0,0,0
27650,0,0,1,0,0,0,0
27675,0,0,1,0,0,0,0
27700,0,0,1,0,0,0,0
27725,0,0,1,0,0,0,0
27750,0,0,1,0,0,0,0
27775,0,0,1,0,0,0,0
27800,0,0,1,0,0,0,0
27825,0,0,1,0,0,0,0
27850,0,0,1,0,0,0,0
27875,0,0,1,0,0,0,0
27900,0,0,1,0,0,0,0
27925,0,0,1,0,0,0,0
27950,0,0,1,0,0,0,0
27975,0,0,1,0,0,0,0
28000,0,0,1,0,0,0,0
28025,0,0,1,0,0,0,0
28050,0,0,1,0,0,0,0
28075,0,0,1,0,0,0,0
28100,0,0,1,0,0,0,0
28125,0,0,1,0,0,0,0
28150,0,0,1,0,0,0,0
28175,1,0,1,0,0,0,0
28200,1,0,1,0,0,0,0
28225,1,0,1,0,0,0,0
28250,1,0,1,0,0,0,0
28275,1,0,1,0,0,0,0
28300,1,0,1,0,0,0,0
28325,1,0,1,0,0,0,0
28350,1,0,1,0,0,0,0
28375,1,0,1,0,0,0,0
28400,1,0,1,0,0,0,0
28425,1,0,1,0,0,0,0
28450,1,0,1,0,0,0,0
28475,1,0,1,0,0,0,0
28500,1,0,1,0,0,0,0
28525,1,0,1,0,0,0,0
28550,1,0,1,0,0,0,0
28575,1,0,1,0,0,0,0
28600,1,0,1,0,0,0,0
28625,1,0,1,0,0,0,0
28650,1,0,1,0,0,0,0
28675,1,0,1,0,0,0,0
28700,1,0,1,0,0,0,0
28725,1,0,1,0,0,0,0
28750,1,0,1,0,0,0,0
28775,1,0,1,0,0,0,0
28800,0,0,1,0,0,0,0
28825,0,0,1,0,0,0,0
28850,0,0,1,0,0,0,0
28875,0,0,1,0,0,0,0
28900,0,0,1,0,0,0,0
28925,0,0,1,0,0,0,0
28950,0,0,1,0,0,0,0
28975,0,0,1,0,0,0,0
29000,0,0,1,0,0,0,0
29025,0,0,1,0,0,0,0
29050,0,0,1,0,0,0,0
29075,1,0,1,0,0,0,0
29100,1,0,1,0,0,0,0
29125,1,0,1,0,0,0,0
29150,1,0,1,0,0,0,0
29175,1,0,1,0,0,0,0
29200,1,0,1,0,0,0,0
29225,1,0,1,0,0,0,0
29250,1,0,1,0,0,0,0
29275,1,0,1,0,0,0,0
29300,1,0,1,0,0,0,0
29325,1,0,1,0,0,0,0
29350,1,0,1,0,0,0,0
29375,1,0,1,0,0,0,0
29400,1,0,1,0,0,0,0
29425,1,0,1,0,0,0,0
29450,1,0,1,0,0,0,0
29475,1,0,1,0,0,0,0
29500,1,0,1,0,0,0,0
29525,1,0,1,0,0,0,0
29550,1,0,1,0,0,0,0
29575,1,0,1,0,0,0,0
29600,1,0,1,0,0,0,0
29625,1,0,1,0,0,0,0
29650,1,0,1,0,0,0,0
29675,1,0,1,0,0,0,0
29700,1,0,1,0,0,0,0
29725,1,0,1,0,0,0,0
29750,1,0,1,0,0,0,0
29775,0,0,1,0,0,0,0
29800,0,0,1,0,0,0,0
29825,0,0,1,0,0,0,0
29850,0,0,1,0,0,0,0
29875,0,0,1,0,0,0,0
29900,0,0,1,0,0,0,0
29925,0,0,1,0,0,0,0
29950,0,0,1,0,0,0,0
29975,0,0,1,0,0,0,0
30000,0,0,1,0,0,0,0
30025,0,0,1,0,0,0,0
30050,0,0,1,0,0,0,0
30075,0,0,1,0,0,0,0
30100,0,0,1,0,0,0,0
30125,0,0,1,0,0,0,0
30150,0,0,1,0,0,0,0
30175,0,0,1,0,0,0,0
30200,0,0,1,0,0,0,0
30225,0,0,1,0,0,0,0
30250,0,0,1,0,0,0,0
30275,0,0,1,0,0,0,0
30300,0,0,1,0,0,0,0
30325,0,0,1,0,0,0,0
30350,0,0,1,0,0,0,0
30375,0,0,1,0,0,0,0
30400,0,0,1,0,0,0,0
30425,0,0,1,0,0,0,0
30450,0,0,1,0,0,0,0
30475,0,0,1,0,0,0,0
30500,0,0,1,0,0,0,0
30525,0,0,1,0,0,0,0
30550,0,0,1,0,0,0,0
30575,0,0,1,0,0,0,0
30600,1,0,0,0,0,0,0
30625,1,0,0,0,0,0,0
30650,1,0,0,0,0,0,0
30675,1,0,0,0,0,0,0
30700,1,0,0,0,0,0,0
30725,1,0,0,0,0,0,0
30750,1,0,0,0,0,0,0
30775,1,0,0,0,0,0,0
30800,1,0,0,0,0,0,0
30825,1,0,0,0,0,0,0
30850,1,0,0,0,0,0,0
30875,1,0,0,0,0,0,0
30900,1,0,0,0,0,0,0
30925,1,0,0,0,0,0,0
30950,1,0,0,0,0,0,0
30975,1,0,0,0,0,0,0
31000,1,0,0,0,0,0,0
31025,1,0,0,0,0,0,0
31050,1,0,0,0,0,0,0
31075,1,0,0,0,0,0,0
31100,1,0,0,0,0,0,0
31125,1,0,0,0,0,0,0
31150,1,0,0,0,0,0,0
31175,1,0,0,0,0,0,0
31200,1,0,0,0,0,0,0
31225,1,0,0,0,0,0,0
31250,1,0,0,0,0,0,0
31275,1,0,0,0,0,0,0
31300,1,0,0,0,0,0,0
31325,1,0,0,0,0,0,0
31350,1,0,0,0,0,0,0
31375,1,0,0,0,0,0,0
31400,1,0,0,0,0,0,0
31425,1,0,0,0,0,0,0
31450,1,0,0,0,0,0,0
31475,1,0,0,0,0,0,0
31500,1,0,0,0,0,0,0
31525,1,0,0,0,0,0,0
31550,1,0,0,0,0,0,0
31575,1,0,0,0,0,0,0
31600,1,0,0,0,0,0,0
31625,1,0,0,0,0,0,0
31650,1,0,0,0,1,0,0
31675,1,0,0,0,1,0,0
31700,1,0,0,0,1,0,0
31725,1,0,0,0,1,0,0
31750,1,0,0,0,1,0,0
31775,1,0,0,0,1,0,0
31800,1,0,0,0,1,0,0
31825,1,0,0,0,1,0,0
31850,1,0,0,0,1,0,0
31875,1,0,0,0,1,0,0
31900,1,0,0,0,1,0,0
31925,1,0,0,0,1,0,0
31950,1,0,0,0,1,0,0
31975,1,0,0,0,1,0,0
32000,1,0,0,0,1,0,0
32025,1,0,0,0,1,0,0
32050,1,0,0,0,1,0,0
32075,1,0,0,0,1,0,0
32100,1,0,0,0,1,0,0
32125,1,0,0,0,1,0,0
32150,1,0,0,0,1,0,0
32175,1,0,0,0,1,0,0
32200,1,0,0,0,1,0,0
32225,1,0,0,0,1,0,0
32250,1,0,0,0,1,0,0
32275,1,0,0,0,1,0,0
32300,1,0,0,0,1,0,0
32325,1,0,0,0,1,0,0
32350,1,0,0,0,1,0,0
32375,1,0,0,0,1,0,0
32400,0,0,0,0,1,0,0
32425,0,0,0,0,1,0,0
32450,0,0,0,0,1,0,0
32475,0,0,0,0,1,0,0
32500,0,0,0,0,1,0,0
32525,0,0,0,0,1,0,0
32550,0,0,0,0,1,0,0
32575,0,0,0,0,1,0,0
32600,0,0,0,0,1,0,0
32625,0,0,0,0,1,0,0
32650,0,0,0,0,1,0,0
32675,0,0,0,0,1,0,0
32700,0,0,0,0,1,0,0
32725,0,0,0,0,1,0,0
32750,0,0,0,0,1,0,0
32775,0,0,0,0,1,0,0
32800,0,0,0,0,1,0,0
32825,0,0,0,0,1,0,0
32850,0,0,0,0,1,0,0
32875,0,0,0,0,1,0,0
32900,0,0,0,0,1,0,0
32925,0,0,0,0,1,0,0
32950,0,0,0,0,1,0,0
32975,0,0,0,0,1,0,0
33000,0,0,0,0,1,0,0
33025,0,0,0,0,1,0,0
33050,0,0,0,0,1,0,0
33075,0,0,0,0,1,0,0
33100,0,0,0,0,1,0,0
33125,0,0,0,0,1,0,0
33150,0,0,0,0,1,0,0
33175,0,0,0,0,1,0,0
33200,0,0,0,0,1,0,0
33225,0,0,0,0,1,0,0
33250,0,0,0,0,1,0,0
33275,1,0,0,0,1,0,0
33300,1,0,0,0,1,0,0
33325,1,0,0,0,1,0,0
33350,1,0,0,0,1,0,0
33375,1,0,0,0,1,0,0
33400,1,0,0,0,1,0,0
33425,1,0,0,0,1,0,0
33450,1,0,0,0,1,0,0
33475,1,0,0,0,1,0,0
33500,1,0,0,0,1,0,0
33525,1,0,0,0,1,0,0
33550,1,0,0,0,1,0,0
33575,0,0,0,0,0,0,0
33600,0,0,0,0,0,0,0
33625,0,0,0,0,0,0,0
33650,0,0,0,0,0,0,0
33675,0,0,0,0,0,0,0
33700,0,0,0,0,0,0,0
33725,0,0,0,0,0,0,0
33750,0,0,0,0,0,0,0
33775,0,0,0,0,0,0,0
33800,0,0,0,0,0,0,0
33825,0,0,0,0,0,0,0
33850,0,0,0,0,0,0,0
33875,0,0,0,0,0,0,0
33900,0,0,0,0,0,0,0
33925,0,0,0,0,0,0,0
33950,0,0,0,0,0,0,0
33975,0,0,0,0,0,0,0
34000,0,0,0,0,0,0,0
34025,0,0,0,0,0,0,0
34050,0,0,0,0,0,0,0
34075,0,0,0,0,0,0,0
34100,0,0,0,0,0,0,0
34125,0,0,0,0,0,0,0
34150,0,0,0,0,0,0,0
34175,0,0,0,0,0,0,0
34200,0,0,0,0,0,0,0
34225,0,0,0,0,1,0,0
34250,0,0,0,0,1,0,0
34275,0,0,0,0,1,0,0
34300,0,0,0,0,1,0,0
34325,0,0,0,0,1,0,0
34350,0,0,0,0,1,0,0
34375,0,0,0,0,1,0,0
34400,0,0,0,0,1,0,0
34425,0,0,0,0,1,0,0
34450,0,0,0,0,1,0,0
34475,0,0,0,0,1,0,0
34500,0,0,0,0,1,0,0
34525,0,0,0,0,1,0,0
34550,0,0,0,0,1,0,0
34575,0,0,0,0,1,0,0
34600,0,0,0,0,1,0,0
34625,0,0,0,0,1,0,0
34650,0,0,0,0,1,0,0
34675,0,0,0,0,1,0,0
34700,0,0,0,0,1,0,0
34725,0,0,0,0,1,0,0
34750,0,0,0,0,1,0,0
34775,0,0,0,0,1,0,0
34800,0,0,0,0,1,0,0
34825,0,0,0,0,1,0,0
34850,0,0,0,0,1,0,0
34875,0,0,0,0,1,0,0
34900,0,0,0,0,1,0,0
34925,0,0,0,0,1,0,0
34950,0,0,0,0,1,0,0
34975,0,0,0,0,1,0,0
35000,1,0,1,0,0,0,0
35025,1,0,1,0,0,0,0
35050,1,0,1,0,0,0,0
35075,1,0,1,0,0,0,0
35100,1,0,1,0,0,0,0
35125,1,0,1,0,0,0,0
35150,1,0,1,0,0,0,0
35175,1,0,1,0,0,0,0
35200,1,0,1,0,0,0,0
35225,1,0,1,0,0,0,0
35250,1,0,1,0,0,0,0
35275,1,0,1,0,0,0,0
35300,1,0,1,0,0,0,0
35325,1,0,1,0,0,0,0
35350,1,0,1,0,0,0,0
35375,1,0,1,0,0,0,0
35400,1,0,1,0,0,0,0
35425,1,0,1,0,0,0,0
35450,1,0,1,0,0,0,0
35475,1,0,1,0,0,0,0
35500,1,0,1,0,0,0,0
35525,1,0,1,0,0,0,0
35550,1,0,1,0,0,0,0
35575,1,0,1,0,0,0,0
35600,1,0,1,0,0,0,0
35625,1,0,1,0,0,0,0
35650,1,0,1,0,0,0,0
35675,1,0,1,0,0,0,0
35700,1,0,1,0,0,0,0
35725,1,0,1,0,0,0,0
35750,1,0,1,0,0,0,0
35775,1,0,1,0,0,0,0
35800,1,0,1,0,0,0,0
35825,1,0,1,0,0,0,0
35850,1,0,1,0,0,0,0
35875,1,0,1,0,0,0,0
35900,1,0,1,0,0,0,0
35925,1,0,1,0,0,0,0
35950,1,0,1,0,0,0,0
35975,1,0,1,0,0,0,0
36000,1,0,1,0,0,0,0
36025,1,0,1,0,0,0,0
36050,1,0,1,0,0,0,0
36075,1,0,1,0,0,0,0
36100,1,0,1,0,0,0,0
36125,1,0,1,0,0,0,0
36150,1,0,1,0,0,0,0
36175,1,0,1,0,0,0,0
36200,1,0,1,0,0,0,0
36225,1,0,1,0,0,0,0
36250,1,0,1,0,0,0,0
36275,1,0,1,0,0,0,0
36300,1,0,1,0,0,0,0
36325,1,0,1,0,0,0,0
36350,1,0,1,0,0,0,0
36375,1,0,1,0,0,0,0
36400,1,0,1,0,0,0,0
36425,1,0,1,0,0,0,0
36450,1,0,1,0,0,0,0
36475,1,0,1,0,0,0,0
36500,1,0,1,0,0,0,0
36525,1,0,1,0,0,0,0
36550,1,0,1,0,0,0,0
36575,1,0,1,0,0,0,0
36600,1,0,1,0,0,0,0
36625,1,0,1,0,0,0,0
36650,1,0,1,0,0,0,0
36675,1,0,1,0,0,0,0
36700,1,0,1,0,0,0,0
36725,1,0,1,0,0,0,0
36750,1,0,1,0,0,0,0
36775,1,0,1,0,0,0,0
36800,1,0,1,0,0,0,0
36825,1,0,1,0,0,0,0
36850,1,0,1,0,0,0,0
36875,1,0,1,0,0,0,0
36900,1,0,1,0,0,0,0
36925,1,0,1,0,0,0,0
36950,1,0,1,0,0,0,0
36975,1,0,1,0,0,0,0
37000,1,0,1,0,0,0,0
37025,1,0,1,0,0,0,0
37050,1,0,1,0,0,0,0
37075,1,0,1,0,0,0,0
37100,1,0,1,0,0,0,0
37125,1,0,1,0,0,0,0
37150,1,0,1,0,0,0,0
37175,1,0,1,0,0,0,0
37200,1,0,1,0,0,0,0
37225,1,0,1,0,0,0,0
37250,1,0,1,0,0,0,0
37275,1,0,1,0,0,0,0
37300,1,0,1,0,0,0,0
37325,1,0,1,0,0,0,0
37350,1,0,1,0,0,0,0
37375,1,0,1,0,0,0,0
37400,1,0,1,0,0,0,0
37425,1,0,1,0,0,0,0
37450,1,0,1,0,0,0,0
37475,1,0,1,0,0,0,0
37500,1,0,1,0,0,0,0
37525,0,0,1,0,0,0,0
37550,0,0,1,0,0,0,0
37575,0,0,1,0,0,0,0
37600,0,0,1,0,0,0,0
37625,0,0,1,0,0,0,0
37650,0,0,1,0,0,0,0
37675,0,0,1,0,0,0,0
37700,0,0,1,0,0,0,0
37725,0,0,1,0,0,0,0
37750,0,0,1,0,0,0,0
37775,0,0,1,0,0,0,0
37800,0,0,1,0,0,0,0
37825,0,0,1,0,0,0,0
37850,0,0,1,0,0,0,0
37875,0,0,1,0,0,0,0
37900,0,0,1,0,0,0,0
37925,0,0,1,0,0,0,0
37950,0,0,1,0,0,0,0
37975,0,0,1,0,0,0,0
38000,0,0,1,0,0,0,0
38025,0,0,1,0,0,0,0
38050,0,0,1,0,0,0,0
38075,1,0,0,0,0,0,0
38100,1,0,0,0,0,0,0
38125,1,0,0,0,0,0,0
38150,1,0,0,0,0,0,0
38175,1,0,0,0,0,0,0
38200,1,0,0,0,0,0,0
38225,1,0,0,0,0,0,0
38250,1,0,0,0,0,0,0
38275,1,0,0,0,0,0,0
38300,1,0,0,0,0,0,0
38325,1,0,0,0,0,0,0
38350,1,0,0,0,0,0,0
38375,1,0,0,0,0,0,0
38400,1,0,0,0,0,0,0
38425,1,0,0,0,0,0,0
38450,1,0,0,0,0,0,0
38475,1,0,1,0,0,0,0
38500,1,0,1,0,0,0,0
38525,1,0,1,0,0,0,0
38550,1,0,1,0,0,0,0
38575,1,0,1,0,0,0,0
38600,1,0,1,0,0,0,0
38625,1,0,1,0,0,0,0
38650,1,0,1,0,0,0,0
38675,1,0,1,0,0,0,0
38700,1,0,1,0,0,0,0
38725,1,0,1,0,0,0,0
38750,1,0,1,0,0,0,0
38775,1,0,1,0,0,0,0
38800,1,0,1,0,0,0,0
38825,1,0,1,0,0,0,0
38850,1,0,1,0,0,0,0
38875,1,0,1,0,0,0,0
38900,1,0,1,0,0,0,0
38925,1,0,1,0,0,0,0
38950,1,0,1,0,0,0,0
38975,1,0,1,0,0,0,0
39000,1,0,1,0,0,0,0
39025,1,0,1,0,0,0,0
39050,1,0,1,0,0,0,0
39075,1,0,1,0,0,0,0
39100,1,0,1,0,0,0,0
39125,1,0,1,0,0,0,0
39150,1,0,1,0,0,0,0
39175,1,0,1,0,0,0,0
39200,1,0,1,0,0,0,0
39225,1,0,1,0,0,0,0
39250,1,0,1,0,0,0,0
39275,1,0,1,0,0,0,0
39300,1,0,1,0,0,0,0
39325,1,0,1,0,0,0,0
39350,1,0,1,0,0,0,0
39375,1,0,1,0,0,0,0
39400,1,0,1,0,0,0,0
39425,1,0,1,0,0,0,0
39450,1,0,1,0,0,0,0
39475,1,0,1,0,0,0,0
39500,1,0,1,0,0,0,0
39525,1,0,1,0,0,0,0
39550,1,0,1,0,0,0,0
39575,1,0,1,0,0,0,0
39600,1,0,1,0,0,0,0
39625,1,0,1,0,0,0,0
39650,1,0,1,0,0,0,0
39675,1,0,1,0,0,0,0
39700,1,0,1,0,0,0,0
39725,1,0,1,0,0,0,0
39750,1,0,1,0,0,0,0
39775,1,0,1,0,0,0,0
39800,1,0,1,0,0,0,0
39825,1,0,1,0,0,0,0
39850,1,0,1,0,0,0,0
39875,1,0,1,0,0,0,0
39900,1,0,1,0,0,0,0
39925,1,0,1,0,0,0,0
39950,1,0,1,0,0,0,0
39975,1,0,1,0,0,0,0
40000,1,0,1,0,0,0,0
40025,1,0,1,0,0,0,0
40050,1,0,1,0,0,0,0
40075,1,0,1,0,0,0,0
40100,0,0,0,0,0,0,0
40125,0,0,0,0,0,0,0
40150,0,0,0,0,0,0,0
40175,0,0,0,0,0,0,0
40200,0,0,0,0,0,0,0
40225,0,0,0,0,0,0,0
40250,0,0,0,0,0,0,0
40275,0,0,0,0,0,0,0
40300,0,0,0,0,0,0,0
40325,0,0,0,0,0,0,0
40350,0,0,0,0,0,0,0
40375,0,0,0,0,0,0,0
40400,0,0,0,0,0,0,0
40425,0,0,0,0,0,0,0
40450,0,0,0,0,0,0,0
40475,0,0,0,0,0,0,0
40500,0,0,0,0,0,0,0
40525,1,0,1,0,0,0,0
40550,1,0,1,0,0,0,0
40575,1,0,1,0,0,0,0
40600,1,0,1,0,0,0,0
40625,1,0,1,0,0,0,0
40650,1,0,1,0,0,0,0
40675,1,0,1,0,0,0,0
40700,1,0,1,0,0,0,0
40725,1,0,1,0,0,0,0
40750,1,0,1,0,0,0,0
40775,1,0,1,0,0,0,0
40800,1,0,1,0,0,0,0
40825,1,0,1,0,0,0,0
40850,1,0,1,0,0,0,0
40875,1,0,1,0,0,0,0
40900,1,0,1,0,0,0,0
40925,1,0,1,0,0,0,0
40950,1,0,1,0,0,0,0
40975,1,0,1,0,0,0,0
41000,1,0,1,0,0,0,0
41025,1,0,1,0,0,0,0
41050,1,0,1,0,0,0,0
41075,1,0,1,0,0,0,0
41100,1,0,1,0,0,0,0
41125,1,0,1,0,0,0,0
41150,1,0,1,0,0,0,0
41175,1,0,1,0,0,0,0
41200,1,0,1,0,0,0,0
41225,1,0,1,0,0,0,0
41250,1,0,1,0,0,0,0
41275,0,0,1,0,0,0,0
41300,0,0,1,0,0,0,0
41325,0,0,1,0,0,0,0
41350,0,0,1,0,0,0,0
41375,0,0,1,0,0,0,0
41400,0,0,1,0,0,0,0
41425,0,0,1,0,0,0,0
41450,0,0,1,0,0,0,0
41475,0,0,1,0,0,0,0
41500,0,0,1,0,0,0,0
41525,0,0,1,0,0,0,0
41550,0,0,1,0,0,0,0
41575,0,0,1,0,0,0,0
41600,0,0,1,0,0,0,0
41625,0,0,1,0,0,0,0
41650,0,0,1,0,0,0,0
41675,0,0,1,0,0,0,0
41700,0,0,1,0,0,0,0
41725,0,0,1,0,0,0,0
41750,0,0,1,0,0,0,0
41775,0,0,1,0,0,0,0
41800,0,0,1,0,0,0,0
41825,0,0,1,0,0,0,0
41850,0,0,1,0,0,0,0
41875,0,0,1,0,0,0,0
41900,0,0,1,0,0,0,0
41925,0,0,1,0,0,0,0
41950,0,0,1,0,0,0,0
41975,0,0,1,0,0,0,0
42000,0,0,1,0,0,0,0
42025,0,0,1,0,0,0,0
42050,0,0,1,0,0,0,0
42075,0,0,1,0,0,0,0
42100,0,0,1,0,0,0,0
42125,0,0,1,0,0,0,0
42150,0,0,1,0,0,0,0
42175,0,0,1,0,0,0,0
42200,0,0,1,0,0,0,0
42225,0,0,1,0,0,0,0
42250,0,0,1,0,0,0,0
42275,0,0,1,0,0,0,0
42300,0,0,1,0,0,0,0
42325,0,0,1,0,0,0,0
42350,0,0,1,0,0,0,0
42375,0,0,1,0,0,0,0
42400,0,0,1,0,0,0,0
42425,0,0,1,0,0,0,0
42450,0,0,1,0,0,0,0
42475,0,0,1,0,0,0,0
42500,0,0,1,0,0,0,0
42525,0,0,1,0,0,0,0
42550,0,0,1,0,0,0,0
42575,0,0,1,0,0,0,0
42600,0,0,1,0,0,0,0
42625,0,0,1,0,0,0,0
42650,0,0,1,0,0,0,0
42675,0,0,1,0,0,0,0
42700,0,0,1,0,0,0,0
42725,0,0,1,0,0,0,0
42750,0,0,1,0,0,0,0
42775,0,0,1,0,0,0,0
42800,1,0,0,0,0,0,0
42825,1,0,0,0,0,0,0
42850,1,0,0,0,0,0,0
42875,1,0,0,0,0,0,0
42900,1,0,0,0,0,0,0
42925,1,0,0,0,0,0,0
42950,1,0,0,0,0,0,0
42975,1,0,0,0,0,0,0
43000,1,0,0,0,0,0,0
43025,1,0,0,0,0,0,0
43050,1,0,0,0,0,0,0
43075,1,0,0,0,0,0,0
43100,1,0,0,0,0,0,0
43125,1,0,0,0,0,0,0
43150,1,0,0,0,0,0,0
43175,1,0,0,0,0,0,0
43200,1,0,0,0,0,0,0
43225,1,0,0,0,0,0,0
43250,1,0,0,0,0,0,0
43275,1,0,0,0,0,0,0
43300,1,0,0,0,0,0,0
43325,1,0,0,0,0,0,0
43350,1,0,0,0,0,0,0
43375,1,0,0,0,0,0,0
43400,1,0,0,0,0,0,0
43425,1,0,0,0,0,0,0
43450,1,0,0,0,0,0,0
43475,1,0,0,0,0,0,0
43500,1,0,0,0,0,0,0
43525,1,0,0,0,0,0,0
43550,1,0,0,0,0,0,0
43575,1,0,0,0,0,0,0
43600,1,0,0,0,0,0,0
43625,1,0,0,0,0,0,0
43650,1,0,0,0,0,0,0
43675,1,0,0,0,0,0,0
43700,1,0,0,0,0,0,0
43725,1,0,0,0,0,0,0
43750,1,0,0,0,0,0,0
43775,1,0,0,1,0,0,0
43800,1,0,0,1,0,0,0
43825,1,0,0,1,0,0,0
43850,1,0,0,1,0,0,0
43875,1,0,0,1,0,0,0
43900,1,0,0,1,0,0,0
43925,1,0,0,1,0,0,0
43950,1,0,0,1,0,0,0
43975,1,0,0,1,0,0,0
44000,1,0,0,1,0,0,0
44025,1,0,0,1,0,0,0
44050,1,0,0,1,0,0,0
44075,1,0,0,1,0,0,0
44100,1,0,0,1,0,0,0
44125,1,0,0,1,0,0,0
44150,1,0,0,1,0,0,0
44175,1,0,0,1,0,0,0
44200,1,0,0,1,0,0,0
44225,1,0,0,1,0,0,0
44250,1,0,0,1,0,0,0
44275,1,0,0,1,0,0,0
44300,1,0,0,1,0,0,0
44325,1,0,0,1,0,0,0
44350,1,0,0,1,0,0,0
44375,1,0,0,1,0,0,0
44400,1,0,0,1,0,0,0
44425,1,0,0,1,0,0,0
44450,1,0,0,1,0,0,0
44475,1,0,0,1,0,0,0
44500,1,0,0,1,0,0,0
44525,1,0,0,1,0,0,0
44550,1,0,0,1,0,0,0
44575,1,0,0,1,0,0,0
44600,1,0,0,1,0,0,0
44625,1,0,0,1,0,0,0
44650,0,0,1,0,0,0,0
44675,0,0,1,0,0,0,0
44700,0,0,1,0,0,0,0
44725,0,0,1,0,0,0,0
44750,0,0,1,0,0,0,0
44775,0,0,1,0,0,0,0
44800,0,0,1,0,0,0,0
44825,0,0,1,0,0,0,0
44850,0,0,1,0,0,0,0
44875,0,0,1,0,0,0,0
44900,0,0,1,0,0,0,0
44925,0,0,1,0,0,0,0
44950,0,0,1,0,0,0,0
44975,0,0,1,0,0,0,0
45000,0,0,1,0,0,0,0
45025,0,0,1,0,0,0,0
45050,0,0,1,0,0,0,0
45075,0,0,1,0,0,0,0
45100,0,0,1,0,0,0,0
45125,0,0,1,0,0,0,0
45150,0,0,1,0,0,0,0
45175,0,0,1,0,0,0,0
45200,0,0,1,0,0,0,0
45225,0,0,1,0,0,0,0
45250,0,0,1,0,0,0,0
45275,0,0,1,0,0,0,0
45300,0,0,1,0,0,0,0
45325,1,0,1,0,0,0,0
45350,1,0,1,0,0,0,0
45375,1,0,1,0,0,0,0
45400,1,0,1,0,0,0,0
45425,1,0,1,0,0,0,0
45450,1,0,1,0,0,0,0
45475,1,0,1,0,0,0,0
45500,1,0,1,0,0,0,0
45525,1,0,1,0,0,0,0
45550,1,0,1,0,0,0,0
45575,1,0,1,0,0,0,0
45600,1,0,1,0,0,0,0
45625,1,0,1,0,0,0,0
45650,1,0,1,0,0,0,0
45675,1,0,1,0,0,0,0
45700,1,0,1,0,0,0,0
45725,1,0,1,0,0,0,0
45750,1,0,1,0,0,0,0
45775,1,0,1,0,0,0,0
45800,1,0,1,0,0,0,0
45825,1,0,1,0,0,0,0
45850,1,0,1,0,0,0,0
45875,1,0,1,0,0,0,0
45900,1,0,1,0,0,0,0
45925,1,0,1,0,0,0,0
45950,1,0,1,0,0,0,0
45975,1,0,1,0,0,0,0
46000,1,0,1,0,0,0,0
46025,1,0,1,0,0,0,0
46050,1,0,1,0,0,0,0
46075,1,0,1,0,0,0,0
46100,1,0,1,0,0,0,0
46125,1,0,1,0,0,0,0
46150,1,0,1,0,0,0,0
46175,1,0,1,0,0,0,0
46200,1,0,1,0,0,0,0
46225,1,0,1,0,0,0,0
46250,1,0,0,0,0,0,0
46275,1,0,0,0,0,0,0
46300,1,0,0,0,0,0,0
46325,1,0,0,0,0,0,0
46350,1,0,0,0,0,0,0
46375,1,0,0,0,0,0,0
46400,1,0,0,0,0,0,0
46425,1,0,0,0,0,0,0
46450,1,0,0,0,0,0,0
46475,1,0,0,0,0,0,0
46500,1,0,0,0,0,0,0
46525,1,0,0,0,0,0,0
46550,1,0,0,0,0,0,0
46575,1,0,0,0,0,0,0
46600,1,0,0,0,0,0,0
46625,1,0,0,0,0,0,0
46650,1,0,0,0,0,0,0
46675,1,0,0,0,0,0,0
46700,1,0,0,0,0,0,0
46725,1,0,1,0,0,0,0
46750,1,0,1,0,0,0,0
46775,1,0,1,0,0,0,0
46800,1,0,1,0,0,0,0
46825,1,0,1,0,0,0,0
46850,1,0,1,0,0,0,0
46875,1,0,1,0,0,0,0
46900,1,0,1,0,0,0,0
46925,1,0,1,0,0,0,0
46950,1,0,1,0,0,0,0
46975,1,0,1,0,0,0,0
47000,1,0,1,0,0,0,0
47025,1,0,1,0,0,0,0
47050,1,0,1,0,0,0,0
47075,1,0,1,0,0,0,0
47100,1,0,1,0,0,0,0
47125,1,0,1,0,0,0,0
47150,1,0,1,0,0,0,0
47175,1,0,1,0,0,0,0
47200,1,0,1,0,0,0,0
47225,1,0,1,0,0,0,0
47250,1,0,1,0,0,0,0
47275,1,0,1,0,0,0,0
47300,1,0,1,0,0,0,0
47325,1,0,1,0,0,0,0
47350,1,0,1,0,0,0,0
47375,1,0,1,0,0,0,0
47400,1,0,1,0,0,0,0
47425,1,0,1,0,0,0,0
47450,1,0,1,0,0,0,0
47475,1,0,1,0,0,0,0
47500,1,0,1,0,0,0,0
47525,1,0,1,0,0,0,0
47550,1,0,1,0,0,0,0
47575,0,0,0,0,0,0,0
47600,0,0,0,0,0,0,0
47625,0,0,0,0,0,0,0
47650,0,0,0,0,0,0,0
47675,0,0,0,0,0,0,0
47700,0,0,0,0,0,0,0
47725,0,0,0,0,0,0,0
47750,0,0,0,0,0,0,0
47775,0,0,0,0,0,0,0
47800,0,0,0,0,0,0,0
47825,0,0,0,0,0,0,0
47850,0,0,0,0,0,0,0
47875,0,0,0,0,0,0,0
47900,0,0,0,0,0,0,0
47925,0,0,0,0,0,0,0
47950,0,0,0,0,0,0,0
47975,0,0,0,0,0,0,0
48000,0,0,0,0,0,0,0
48025,0,0,0,0,0,0,0
48050,0,0,0,0,0,0,0
48075,0,0,0,0,0,0,0
48100,0,0,0,0,0,0,0
48125,0,0,0,0,0,0,0
48150,0,0,0,0,0,0,0
48175,0,0,0,0,0,0,0
48200,0,0,0,0,0,0,0
48225,0,0,0,0,0,0,0
48250,0,0,0,0,0,0,0
48275,0,0,0,0,0,0,0
48300,0,0,0,0,0,0,0
48325,0,0,0,0,0,0,0
48350,0,0,0,0,0,0,0
48375,0,0,0,0,0,0,0
48400,0,0,0,0,0,0,0
48425,0,0,1,0,0,0,0
48450,0,0,1,0,0,0,0
48475,0,0,1,0,0,0,0
48500,0,0,1,0,0,0,0
48525,0,0,1,0,0,0,0
48550,0,0,1,0,0,0,0
48575,0,0,1,0,0,0,0
48600,0,0,1,0,0,0,0
48625,0,0,1,0,0,0,0
48650,0,0,1,0,0,0,0
48675,0,0,1,0,0,0,0
48700,0,0,1,0,0,0,0
48725,0,0,1,0,0,0,0
48750,1,0,1,0,0,0,0
48775,1,0,1,0,0,0,0
48800,1,0,1,0,0,0,0
48825,1,0,1,0,0,0,0
48850,1,0,1,0,0,0,0
48875,1,0,1,0,0,0,0
48900,1,0,1,0,0,0,0
48925,1,0,1,0,0,0,0
48950,1,0,1,0,0,0,0
48975,1,0,1,0,0,0,0
49000,1,0,1,0,0,0,0
49025,1,0,1,0,0,0,0
49050,1,0,1,0,0,0,0
49075,1,0,1,0,0,0,0
49100,1,0,1,0,0,0,0
49125,1,0,1,0,0,0,0
49150,1,0,1,0,0,0,0
49175,1,0,1,0,0,0,0
49200,1,0,1,0,0,0,0
49225,1,0,1,0,0,0,0
49250,1,0,1,0,0,0,0
49275,1,0,1,0,0,0,0
49300,1,0,1,0,0,0,0
49325,1,0,1,0,0,0,0
49350,1,0,1,0,0,0,0
49375,1,0,1,0,0,0,0
49400,1,0,1,0,0,0,0
49425,1,0,1,0,0,0,0
49450,1,0,1,0,0,0,0
49475,1,0,1,0,0,0,0
49500,1,0,1,0,0,0,0
49525,1,0,1,0,0,0,0
49550,1,0,1,0,0,0,0
49575,1,0,1,0,0,0,0
49600,1,0,1,0,0,0,0
49625,1,0,1,0,0,0,0
49650,1,0,1,0,0,0,0
49675,0,0,1,0,0,0,0
49700,0,0,1,0,0,0,0
49725,0,0,1,0,0,0,0
49750,0,0,1,0,0,0,0
49775,0,0,1,0,0,0,0
49800,0,0,1,0,0,0,0
49825,0,0,1,0,0,0,0
49850,0,0,1,0,0,0,0
49875,0,0,1,0,0,0,0
49900,0,0,1,0,0,0,0
49925,0,0,1,0,0,0,0
49950,0,0,1,0,0,0,0
49975,0,0,1,0,0,0,0
50000,0,0,1,0,0,0,0
50025,0,0,1,0,0,0,0
50050,0,0,1,0,0,0,0
50075,0,0,1,0,0,0,0
50100,0,0,1,0,0,0,0
50125,0,0,1,0,0,0,0
50150,0,0,1,0,0,0,0
50175,0,0,1,0,0,0,0
50200,0,0,1,0,0,0,0
50225,0,0,1,0,0,0,0
50250,0,0,1,0,0,0,0
50275,0,0,1,0,0,0,0
50300,0,0,1,0,0,0,0
50325,0,0,1,0,0,0,0
50350,0,0,1,0,0,0,0
50375,0,0,1,0,0,0,0
50400,0,0,1,0,0,0,0
50425,0,0,1,0,0,0,0
50450,0,0,1,0,0,0,0
50475,0,0,1,0,0,0,0
50500,0,0,1,0,0,0,0
50525,0,0,1,0,0,0,0
50550,0,0,1,0,0,0,0
50575,0,0,1,0,0,0,0
50600,0,0,1,0,0,0,0
50625,0,0,1,0,0,0,0
50650,0,0,1,0,0,0,0
50675,0,0,1,0,0,0,0
50700,0,0,1,0,0,0,0
50725,0,0,1,0,0,0,0
50750,0,0,1,0,0,0,0
50775,0,0,1,0,0,0,0
50800,1,0,0,0,0,0,0
50825,1,0,0,0,0,0,0
50850,1,0,0,0,0,0,0
50875,1,0,0,0,0,0,0
50900,1,0,0,0,0,0,0
50925,1,0,0,0,0,0,0
50950,1,0,0,0,0,0,0
50975,1,0,0,0,0,0,0
51000,1,0,0,0,0,0,0
51025,1,0,0,0,0,0,0
51050,1,0,0,0,0,0,0
51075,1,0,0,0,0,0,0
51100,1,0,0,0,0,0,0
51125,1,0,0,0,0,0,0
51150,1,0,0,0,0,0,0
51175,1,0,0,0,0,0,0
51200,1,0,0,0,0,0,0
51225,1,0,0,0,0,0,0
51250,1,0,0,0,0,0,0
51275,1,0,0,0,0,0,0
51300,1,0,0,0,0,0,0
51325,1,0,0,0,0,0,0
51350,1,0,0,0,0,0,0
51375,1,0,0,0,0,0,0
51400,1,0,0,0,0,0,0
51425,1,0,0,0,0,0,0
51450,1,0,0,0,0,0,0
51475,1,0,0,0,0,0,0
51500,1,0,0,0,0,0,0
51525,1,0,1,0,0,0,0
51550,1,0,1,0,0,0,0
51575,1,0,1,0,0,0,0
51600,1,0,1,0,0,0,0
51625,1,0,1,0,0,0,0
51650,1,0,1,0,0,0,0
51675,1,0,1,0,0,0,0
51700,1,0,1,0,0,0,0
51725,1,0,1,0,0,0,0
51750,1,0,1,0,0,0,0
51775,1,0,1,0,0,0,0
51800,1,0,1,0,0,0,0
51825,1,0,1,0,0,0,0
51850,1,0,1,0,0,0,0
51875,1,0,1,0,0,0,0
51900,1,0,1,0,0,0,0
51925,1,0,1,0,0,0,0
51950,1,0,1,0,0,0,0
51975,1,0,1,0,0,0,0
52000,1,0,1,0,0,0,0
52025,1,0,1,0,0,0,0
52050,1,0,1,0,0,0,0
52075,1,0,1,0,0,0,0
52100,1,0,1,0,0,0,0
52125,1,0,1,0,0,0,0
52150,1,0,1,0,0,0,0
52175,1,0,1,0,0,0,0
52200,1,0,1,0,0,0,0
52225,1,0,1,0,0,0,0
52250,1,0,1,0,0,0,0
52275,1,0,1,0,0,0,0
52300,1,0,1,0,0,0,0
52325,1,0,1,0,0,0,0
52350,1,0,1,0,0,0,0
52375,1,0,1,0,0,0,0
52400,1,0,1,0,0,0,0
52425,1,0,1,0,0,0,0
52450,1,0,1,0,0,0,0
52475,1,0,1,0,0,0,0
52500,1,0,1,0,0,0,0
52525,1,0,1,0,0,0,0
52550,1,0,1,0,0,0,0
52575,1,0,1,0,0,0,0
52600,1,0,1,0,0,0,0
52625,1,0,1,0,0,0,0
52650,1,0,1,0,0,0,0
52675,1,0,1,0,0,0,0
52700,1,0,1,0,0,0,0
52725,1,0,1,0,0,0,0
52750,1,0,1,0,0,0,0
52775,1,0,1,0,0,0,0
52800,1,0,1,0,0,0,0
52825,1,0,1,0,0,0,0
52850,1,0,1,0,0,0,0
52875,1,0,1,0,0,0,0
52900,1,0,1,0,0,0,0
52925,1,0,1,0,0,0,0
52950,1,0,1,0,0,0,0
52975,1,0,1,0,0,0,0
53000,1,0,1,0,0,0,0
53025,1,0,1,0,0,0,0
53050,1,0,1,0,0,0,0
53075,1,0,1,0,0,0,0
53100,1,0,1,0,0,0,0
53125,1,0,1,0,0,0,0
53150,1,0,1,0,0,0,0
53175,1,0,1,0,0,0,0
53200,1,0,1,0,0,0,0
53225,1,0,1,0,0,0,0
53250,1,0,1,0,0,0,0
53275,1,0,1,0,0,0,0
53300,1,0,1,0,0,0,0
53325,1,0,1,0,0,0,0
53350,1,0,1,0,0,0,0
53375,1,0,1,0,0,0,0
53400,1,0,1,0,0,0,0
53425,1,0,1,0,0,0,0
53450,1,0,1,0,0,0,0
53475,1,0,1,0,0,0,0
53500,1,0,1,0,0,0,0
53525,1,0,1,0,0,0,0
53550,1,0,1,0,0,0,0
53575,1,0,1,0,0,0,0
53600,1,0,1,0,0,0,0
53625,1,0,1,0,0,0,0
53650,1,0,1,0,0,0,0
53675,1,0,1,0,0,0,0
53700,1,0,1,0,0,0,0
53725,1,0,1,0,0,0,0
53750,1,0,1,0,0,0,0
53775,1,0,1,0,0,0,0
53800,1,0,1,0,0,0,0
53825,1,0,1,0,0,0,0
53850,1,0,1,0,0,0,0
53875,1,0,1,0,0,0,0
53900,1,0,1,0,0,0,0
53925,0,0,1,0,0,0,0
53950,0,0,1,0,0,0,0
53975,0,0,1,0,0,0,0
54000,0,0,1,0,0,0,0
54025,0,0,1,0,0,0,0
54050,0,0,1,0,0,0,0
54075,0,0,1,0,0,0,0
54100,0,0,1,0,0,0,0
54125,0,0,1,0,0,0,0
54150,0,0,1,0,0,0,0
54175,0,0,1,0,0,0,0
54200,0,0,1,0,0,0,0
54225,0,0,1,0,0,0,0
54250,0,0,1,0,0,0,0
54275,0,0,1,0,0,0,0
54300,0,0,1,0,0,0,0
54325,0,0,1,0,0,0,0
54350,0,0,1,0,0,0,0
54375,1,0,1,0,0,0,0
54400,1,0,1,0,0,0,0
54425,1,0,1,0,0,0,0
54450,1,0,1,0,0,0,0
54475,1,0,1,0,0,0,0
54500,1,0,1,0,0,0,0
54525,1,0,1,0,0,0,0
54550,1,0,1,0,0,0,0
54575,1,0,1,0,0,0,0
54600,1,0,1,0,0,0,0
54625,1,0,1,0,0,0,0
54650,1,0,1,0,0,0,0
54675,1,0,1,0,0,0,0
54700,1,0,1,0,0,0,0
54725,1,0,1,0,0,0,0
54750,1,0,1,0,0,0,0
54775,1,0,1,0,0,0,0
54800,1,0,1,0,0,0,0
54825,1,0,1,0,0,0,0
54850,1,0,1,0,0,0,0
54875,1,0,1,0,0,0,0
54900,1,0,1,0,0,0,0
54925,1,0,1,0,0,0,0
54950,1,0,1,0,0,0,0
54975,1,0,1,0,0,0,0
55000,1,0,1,0,0,0,0
55025,1,0,1,0,0,0,0
55050,1,0,1,0,0,0,0
55075,1,0,1,0,0,0,0
55100,1,0,1,0,0,0,0
55125,1,0,1,0,0,0,0
55150,1,0,1,0,0,0,0
55175,1,0,1,0,0,0,0
55200,0,0,1,0,0,0,0
55225,0,0,1,0,0,0,0
55250,0,0,1,0,0,0,0
55275,0,0,1,0,0,0,0
55300,0,0,1,0,0,0,0
55325,0,0,1,0,0,0,0
55350,0,0,1,0,0,0,0
55375,0,0,1,0,0,0,0
55400,0,0,1,0,0,0,0
55425,0,0,1,0,0,0,0
55450,0,0,1,0,0,0,0
55475,0,0,1,0,0,0,0
55500,0,0,1,0,0,0,0
55525,0,0,1,0,0,0,0
55550,0,0,1,0,0,0,0
55575,0,0,1,0,0,0,0
55600,0,0,1,0,0,0,0
55625,1,0,1,0,0,0,0
55650,1,0,1,0,0,0,0
55675,1,0,1,0,0,0,0
55700,1,0,1,0,0,0,0
55725,1,0,1,0,0,0,0
55750,1,0,1,0,0,0,0
55775,1,0,1,0,0,0,0
55800,1,0,1,0,0,0,0
55825,1,0,1,0,0,0,0
55850,1,0,1,0,0,0,0
55875,1,0,1,0,0,0,0
55900,1,0,1,0,0,0,0
55925,1,0,1,0,0,0,0
55950,1,0,1,0,0,0,0
55975,1,0,1,0,0,0,0
56000,1,0,1,0,0,0,0
56025,1,0,1,0,0,0,0
56050,1,0,1,0,0,0,0
56075,1,0,1,0,0,0,0
56100,1,0,1,0,0,0,0
56125,1,0,1,0,0,0,0
56150,1,0,1,0,0,0,0
56175,1,0,1,0,0,0,0
56200,1,0,1,0,0,0,0
56225,1,0,1,0,0,0,0
56250,1,0,1,0,0,0,0
56275,1,0,1,0,0,0,0
56300,1,0,1,0,0,0,0
56325,1,0,0,0,0,0,1
56350,1,0,0,0,0,0,1
56375,1,0,0,0,0,0,1
56400,1,0,0,0,0,0,1
56425,1,0,0,0,0,0,1
56450,1,0,0,0,0,0,1
56475,1,0,0,0,0,0,1
56500,1,0,0,0,0,0,1
56525,1,0,0,0,0,0,1
56550,1,0,0,0,0,0,1
56575,1,0,0,0,0,0,1
56600,1,0,0,0,0,0,1
56625,1,0,0,0,0,0,1
56650,1,0,0,0,0,0,1
56675,1,0,0,0,0,0,1
56700,1,0,0,0,0,0,1
56725,1,0,0,0,0,0,1
56750,1,0,0,0,0,0,1
56775,1,0,0,0,0,0,1
56800,1,0,0,0,0,0,1
56825,1,0,0,0,0,0,1
56850,1,0,0,0,0,0,1
56875,1,0,0,0,0,0,1
56900,1,0,0,0,0,0,1
56925,1,0,0,0,0,0,1
56950,1,0,0,0,0,0,1
56975,1,0,0,0,0,0,1
57000,1,0,0,0,0,0,1
57025,1,0,0,0,0,0,1
57050,1,0,0,0,0,0,1
57075,1,0,0,0,0,0,1
57100,1,0,0,0,0,0,1
57125,1,0,0,0,0,0,1
57150,1,0,0,0,0,0,1
57175,1,0,0,0,0,0,1
57200,1,0,0,0,0,0,1
57225,1,0,0,0,0,0,1
57250,1,0,0,0,0,0,1
57275,1,0,0,0,0,0,1
57300,1,0,0,0,0,0,1
57325,1,0,0,0,0,0,1
57350,1,0,0,0,0,0,1
57375,1,0,0,0,0,0,1
57400,1,0,0,0,0,0,1
57425,1,0,0,0,0,0,1
57450,1,0,0,0,0,0,1
57475,1,0,0,0,0,0,1
57500,1,0,0,0,0,0,1
57525,1,0,0,0,0,0,1
57550,1,0,0,0,0,0,1
57575,1,0,0,0,0,0,1
57600,1,0,0,0,0,0,1
57625,1,0,0,0,0,0,1
57650,1,0,0,0,0,0,1
57675,1,0,0,0,0,0,1
57700,1,0,0,0,0,0,1
57725,1,0,0,0,0,0,1
57750,1,0,0,0,0,0,1
57775,1,0,0,0,0,0,1
57800,1,0,0,0,0,0,1
57825,1,0,0,0,0,0,1
57850,1,0,0,0,0,0,1
57875,1,0,0,0,0,0,1
57900,1,0,0,0,0,0,1
57925,1,0,0,0,0,0,1
57950,1,0,0,0,0,0,1
57975,1,0,0,0,0,0,1
58000,1,0,0,0,0,0,1
58025,1,0,0,0,0,0,1
58050,1,0,0,0,0,0,1
58075,1,0,0,0,0,0,1
58100,1,0,0,0,0,0,1
58125,1,0,0,0,0,0,1
58150,1,0,0,0,0,0,1
58175,1,0,0,0,0,0,1
58200,1,0,0,0,0,0,1
58225,1,0,0,0,0,0,1
58250,1,0,0,0,0,0,1
58275,1,0,0,0,0,0,1
58300,1,0,0,0,0,0,1
58325,1,0,0,0,0,0,1
58350,1,0,0,0,0,0,1
58375,1,0,0,0,0,0,1
58400,1,0,0,0,0,0,1
58425,1,0,0,0,0,0,1
58450,1,0,0,0,0,0,1
58475,1,0,0,0,0,0,1
58500,1,0,0,0,0,0,1
58525,1,0,0,0,0,0,1
58550,1,0,0,0,0,0,1
58575,1,0,0,0,0,0,1
58600,1,0,0,0,0,0,1
58625,1,0,0,0,0,0,1
58650,1,0,0,0,0,0,1
58675,1,0,0,0,0,0,1
58700,1,0,0,0,0,0,1
58725,0,0,0,0,0,1,0
58750,0,0,0,0,0,1,0
58775,0,0,0,0,0,1,0
58800,0,0,0,0,0,1,0
58825,0,0,0,0,0,1,0
58850,0,0,0,0,0,1,0
58875,0,0,0,0,0,1,0
58900,0,0,0,0,0,1,0
58925,0,0,0,0,0,1,0
58950,0,0,0,0,0,1,0
58975,0,0,0,0,0,1,0
59000,0,0,0,0,0,1,0
59025,0,0,0,0,0,1,0
59050,0,0,0,0,0,1,0
59075,0,0,0,0,0,1,0
59100,0,0,0,0,0,1,0
59125,0,0,0,0,0,1,0
59150,0,0,0,0,0,1,0
59175,0,0,0,0,0,1,0
59200,0,0,0,0,0,1,0
59225,0,0,0,0,0,1,0
59250,0,0,0,0,0,1,0
59275,0,0,0,0,0,1,0
59300,0,0,0,0,0,1,0
59325,0,0,0,0,0,1,0
59350,0,0,0,0,0,1,0
59375,0,0,0,0,0,1,0
59400,0,0,0,0,0,1,0
59425,0,0,0,0,0,1,0
59450,0,0,0,0,0,1,0
59475,0,0,0,0,0,1,0
59500,0,0,0,0,0,1,0
59525,0,0,0,0,0,1,0
59550,1,1,0,0,0,1,0
59575,1,1,0,0,0,1,0
59600,1,1,0,0,0,1,0
59625,1,1,0,0,0,1,0
59650,1,1,0,0,0,1,0
59675,1,1,0,0,0,1,0
59700,1,1,0,0,0,1,0
59725,1,1,0,0,0,1,0
59750,1,1,0,0,0,1,0
59775,1,1,0,0,0,1,0
59800,1,1,0,0,0,1,0
59825,1,1,0,0,0,1,0
59850,1,1,0,0,0,1,0
59875,1,1,0,0,0,1,0
59900,1,1,0,0,0,1,0
59925,1,1,0,0,0,1,0
59950,1,1,0,0,0,1,0
59975,1,1,0,0,0,1,0
60000,1,0,0,0,1,1,0
60025,1,0,0,0,1,1,0
60050,1,0,0,0,1,1,0
60075,1,0,0,0,1,1,0
60100,1,0,0,0,1,1,0
60125,1,0,0,0,1,1,0
60150,1,0,0,0,1,1,0
60175,1,0,0,0,1,1,0
60200,1,0,0,0,1,1,0
60225,1,0,0,0,1,1,0
60250,1,0,0,0,1,1,0
60275,1,0,0,0,1,1,0
60300,1,0,0,0,1,1,0
60325,1,0,0,0,1,1,0
60350,1,0,0,0,1,1,0
60375,1,0,0,0,1,1,0
60400,1,0,0,0,1,1,0
60425,1,0,0,0,1,1,0
60450,1,0,0,0,1,1,0
60475,1,0,0,0,1,1,0
60500,1,0,0,0,1,1,0
60525,1,0,0,0,1,1,0
60550,1,0,0,0,1,1,0
60575,1,0,0,0,1,1,0
60600,1,0,0,0,1,1,0
60625,1,0,0,0,1,1,0
60650,1,0,0,0,1,1,0
60675,1,0,0,0,1,1,0
60700,1,0,0,0,1,1,0
60725,1,0,0,0,0,0,0
60750,1,0,0,0,0,0,0
60775,1,0,0,0,0,0,0
60800,1,0,0,0,0,0,0
60825,1,0,0,0,0,0,0
60850,1,0,0,0,0,0,0
60875,1,0,0,0,0,0,0
60900,1,0,0,0,0,0,0
60925,1,0,0,0,0,0,0
60950,1,0,0,0,0,0,0
60975,1,0,0,0,0,0,0
61000,1,0,0,0,0,0,0
61025,1,0,0,0,0,0,0
61050,1,0,0,0,0,0,0
61075,1,0,0,0,0,0,0
61100,1,0,0,0,0,0,0
61125,1,0,0,0,0,0,0
61150,1,0,0,0,0,0,0
61175,1,0,0,0,0,0,0
61200,1,0,0,0,0,0,0
61225,1,0,0,0,0,0,0
61250,1,0,0,0,0,0,0
61275,1,0,0,0,0,0,0
61300,1,0,0,0,0,0,0
61325,1,0,0,0,0,0,0
61350,1,0,0,0,0,0,0
61375,1,0,0,0,0,0,0
61400,1,0,0,0,0,0,0
61425,1,0,0,0,0,0,0
61450,1,0,0,0,0,0,0
61475,1,0,0,0,0,0,0
61500,1,0,0,0,0,0,0
61525,1,0,0,0,0,0,0
61550,1,0,0,0,0,0,0
61575,1,0,0,0,0,0,0
61600,1,0,0,0,0,0,0
61625,1,0,0,0,0,0,0
61650,1,0,0,0,0,0,0
61675,1,0,0,0,0,0,0
61700,1,0,0,0,0,0,1
61725,1,0,0,0,0,0,1
61750,1,0,0,0,0,0,1
61775,1,0,0,0,0,0,1
61800,1,0,0,0,0,0,1
61825,1,0,0,0,0,0,1
61850,1,0,0,0,0,0,1
61875,1,0,0,0,0,0,1
61900,1,0,0,0,0,0,1
61925,1,0,0,0,0,0,1
61950,1,0,0,0,0,0,1
61975,1,0,0,0,0,0,1
62000,1,0,0,0,0,0,1
62025,1,0,0,0,0,0,1
62050,1,0,0,0,0,0,1
62075,1,0,0,0,0,0,1
62100,1,0,0,0,0,0,1
62125,1,0,0,0,0,0,1
62150,1,0,0,0,0,0,1
62175,1,0,0,0,0,0,1
62200,1,0,0,0,0,0,1
62225,1,0,0,0,0,0,1
62250,1,0,0,0,0,0,1
62275,1,0,0,0,0,0,1
62300,1,0,0,0,0,0,1
62325,1,0,0,0,0,0,1
62350,1,0,0,0,0,0,1
62375,1,0,0,0,0,0,1
62400,1,0,0,0,0,0,1
62425,1,0,0,0,0,0,1
62450,1,0,0,0,0,0,1
62475,1,0,0,0,0,0,1
62500,1,0,0,0,0,0,1
62525,1,0,0,0,0,0,1
62550,1,1,0,0,0,0,0
62575,1,1,0,0,0,0,0
62600,1,1,0,0,0,0,0
62625,1,1,0,0,0,0,0
62650,1,1,0,0,0,0,0
62675,1,1,0,0,0,0,0
62700,1,1,0,0,0,0,0
62725,1,1,0,0,0,0,0
62750,1,1,0,0,0,0,0
62775,1,1,0,0,0,0,0
62800,1,1,0,0,0,0,0
62825,1,1,0,0,0,0,0
62850,1,1,0,0,0,0,0
62875,1,1,0,0,0,0,0
62900,1,1,0,0,0,0,0
62925,1,1,0,0,0,0,0
62950,1,1,0,0,0,0,0
62975,1,1,0,0,0,0,0
63000,1,1,0,0,0,0,0
63025,1,1,0,0,0,0,0
63050,1,1,0,0,0,0,0
63075,1,1,0,0,0,0,0
63100,1,1,0,0,0,0,0
63125,1,1,0,0,0,0,0
63150,1,1,0,0,0,0,0
63175,1,1,0,0,0,0,0
63200,1,1,0,0,0,0,0
63225,1,1,0,0,0,0,0
63250,0,0,0,0,0,0,0
63275,0,0,0,0,0,0,0
63300,0,0,0,0,0,0,0
63325,0,0,0,0,0,0,0
63350,0,0,0,0,0,0,0
63375,0,0,0,0,0,0,0
63400,0,0,0,0,0,0,0
63425,0,0,0,0,0,0,0
63450,0,0,0,0,0,0,0
63475,0,0,0,0,0,0,0
63500,0,0,0,0,0,0,0
63525,0,0,0,0,0,0,0
63550,0,0,0,0,0,0,0
63575,0,0,0,0,0,0,0
63600,0,0,0,0,0,0,0
63625,0,0,0,0,0,0,0
63650,0,0,0,0,0,0,0
63675,0,0,0,0,0,0,0
63700,0,0,0,0,0,0,0
63725,0,0,0,0,0,0,0
63750,0,0,0,0,0,0,0
63775,0,0,0,0,0,0,0
63800,0,0,0,0,0,0,0
63825,0,0,0,0,0,0,0
63850,0,0,0,0,0,0,0
63875,1,0,0,0,0,0,1
63900,1,0,0,0,0,0,1
63925,1,0,0,0,0,0,1
63950,1,0,0,0,0,0,1
63975,1,0,0,0,0,0,1
64000,1,0,0,0,0,0,1
64025,1,0,0,0,0,0,1
64050,1,0,0,0,0,0,1
64075,1,0,0,0,0,0,1
64100,1,0,0,0,0,0,1
64125,1,0,0,0,0,0,1
64150,1,0,0,0,0,0,1
64175,1,0,0,0,0,0,1
64200,1,0,0,0,0,0,1
64225,1,0,0,0,0,0,1
64250,1,0,0,0,0,0,1
64275,1,0,0,0,0,0,1
64300,1,0,0,0,0,0,1
64325,1,0,0,0,0,0,1
64350,1,0,0,0,0,0,1
64375,1,0,0,0,0,0,1
64400,1,0,0,0,0,0,1
64425,1,0,0,0,0,0,1
64450,1,0,0,0,0,0,1
64475,1,0,0,0,0,0,1
64500,1,0,0,0,0,0,1
64525,1,0,0,0,0,0,1
64550,1,0,0,0,0,0,1
64575,1,0,0,0,0,0,1
64600,1,0,0,0,0,0,1
64625,1,0,0,0,0,0,1
64650,1,0,0,0,0,0,1
64675,1,0,0,0,0,0,1
64700,1,0,0,0,0,0,1
64725,1,0,0,0,0,0,1
64750,1,0,0,0,0,0,1
64775,1,0,0,0,0,0,1
64800,1,0,0,0,0,0,1
64825,1,0,0,0,0,0,1
64850,1,0,0,0,0,0,1
64875,1,0,0,0,0,0,1
64900,1,0,0,0,0,0,1
64925,1,0,0,0,0,0,1
64950,1,0,0,0,0,0,1
64975,1,0,0,0,0,0,1
65000,1,0,0,0,0,0,1
65025,1,0,0,0,0,0,1
65050,1,0,0,0,0,0,1
65075,1,0,0,0,0,0,1
65100,1,0,0,0,0,0,1
65125,1,0,0,0,0,0,1
65150,1,0,0,0,0,0,1
65175,1,0,0,0,0,0,1
65200,1,0,0,0,0,0,1
65225,1,0,0,0,0,0,1
65250,1,0,0,0,0,0,1
65275,1,0,0,0,0,0,1
