Frame,Grasper,Bipolar,Hook,Scissors,Clipper,Irrigator,SpecimenBag
0,0,0,0,0,0,0,0
25,0,0,0,0,0,0,0
50,0,0,0,0,0,0,0
75,0,0,0,0,0,0,0
100,0,0,0,0,0,0,0
125,0,0,0,0,0,0,0
150,0,0,0,0,0,0,0
175,0,0,0,0,0,0,0
200,0,0,0,0,0,0,0
225,0,0,0,0,0,0,0
250,0,0,0,0,0,0,0
275,0,0,0,0,0,0,0
300,0,0,0,0,0,0,0
325,0,0,0,0,0,0,0
350,0,0,0,0,0,0,0
375,0,0,0,0,0,0,0
400,0,0,0,0,0,0,0
425,0,0,0,0,0,0,0
450,0,0,0,0,0,0,0
475,0,0,0,0,0,0,0
500,1,0,0,0,0,0,0
525,1,0,0,0,0,0,0
550,1,0,0,0,0,0,0
575,1,0,0,0,0,0,0
600,1,0,0,0,0,0,0
625,1,0,0,0,0,0,0
650,1,0,0,0,0,0,0
675,1,0,0,0,0,0,0
700,1,0,0,0,0,0,0
725,1,0,0,0,0,0,0
750,1,0,0,0,0,0,0
775,1,0,0,0,0,0,0
800,1,0,0,0,0,0,0
825,1,0,0,0,0,0,0
850,1,0,0,0,0,0,0
875,1,0,0,0,0,0,0
900,1,0,0,0,0,0,0
925,1,0,0,0,0,0,0
950,1,0,0,0,0,0,0
975,1,0,0,0,0,0,0
1000,1,0,0,0,0,0,0
1025,1,0,0,0,0,0,0
1050,1,0,0,0,0,0,0
1075,1,0,0,0,0,0,0
1100,1,0,0,0,0,0,0
1125,1,0,0,0,0,0,0
1150,1,0,0,0,0,0,0
1175,1,0,0,0,0,0,0
1200,1,0,0,0,0,0,0
1225,1,0,0,0,0,0,0
1250,1,0,0,0,0,0,0
1275,1,0,0,0,0,0,0
1300,1,0,0,0,0,0,0
1325,1,0,0,0,0,0,0
1350,1,0,0,0,0,0,0
1375,1,0,0,0,0,0,0
1400,1,0,0,0,0,0,0
1425,1,0,0,0,0,0,0
1450,1,0,0,0,0,0,0
1475,1,0,0,0,0,0,0
1500,1,0,0,0,0,0,0
1525,1,0,0,0,0,0,0
1550,1,0,0,0,0,0,0
1575,1,0,0,0,0,0,0
1600,1,0,0,0,0,0,0
1625,1,0,0,0,0,0,0
1650,1,0,0,0,0,0,0
1675,1,0,0,0,0,0,0
1700,1,0,0,0,0,0,0
1725,1,0,0,0,0,0,0
1750,1,0,0,0,0,0,0
1775,1,0,0,0,0,0,0
1800,1,0,0,0,0,0,0
1825,1,0,0,0,0,0,0
1850,1,0,0,0,0,0,0
1875,1,0,0,0,0,0,0
1900,1,0,0,0,0,0,0
1925,1,0,0,0,0,0,0
1950,1,0,0,0,0,0,0
1975,1,0,0,0,0,0,0
2000,1,0,0,0,0,0,0
2025,1,0,0,0,0,0,0
2050,1,0,0,0,0,0,0
2075,1,0,0,0,0,0,0
2100,1,0,0,0,0,0,0
2125,1,0,0,0,0,0,0
2150,1,0,0,0,0,0,0
2175,1,0,0,0,0,0,0
2200,1,0,0,0,0,0,0
2225,1,0,0,0,0,0,0
2250,1,0,0,0,0,0,0
2275,1,0,0,0,0,0,0
2300,1,0,0,0,0,0,0
2325,1,0,0,0,0,0,0
2350,1,0,0,0,0,0,0
2375,1,0,0,0,0,0,0
2400,1,0,0,0,0,0,0
2425,1,0,0,0,0,0,0
2450,1,0,0,0,0,0,0
2475,1,0,0,0,0,0,0
2500,1,0,0,0,0,0,0
2525,1,0,0,0,0,0,0
2550,1,0,0,0,0,0,0
2575,1,0,0,0,0,0,0
2600,1,0,0,0,0,0,0
2625,1,0,0,0,0,0,0
2650,0,0,0,0,0,0,0
2675,0,0,0,0,0,0,0
2700,0,0,0,0,0,0,0
2725,0,0,0,0,0,0,0
2750,0,0,0,0,0,0,0
2775,0,0,0,0,0,0,0
2800,0,0,0,0,0,0,0
2825,0,0,0,0,0,0,0
2850,0,0,0,0,0,0,0
2875,0,0,0,0,0,0,0
2900,0,0,0,0,0,0,0
2925,0,0,0,0,0,0,0
2950,0,0,0,0,0,0,0
2975,0,0,0,0,0,0,0
3000,0,0,0,0,0,0,0
3025,0,0,0,0,0,0,0
3050,0,0,0,0,0,0,0
3075,0,0,0,0,0,0,0
3100,0,0,0,0,0,0,0
3125,0,0,0,0,0,0,0
3150,0,0,0,0,0,0,0
3175,0,0,0,0,0,0,0
3200,0,0,0,0,0,0,0
3225,0,0,0,0,0,0,0
3250,0,0,1,0,0,0,0
3275,0,0,1,0,0,0,0
3300,0,0,1,0,0,0,0
3325,0,0,1,0,0,0,0
3350,0,0,1,0,0,0,0
3375,0,0,1,0,0,0,0
3400,0,0,1,0,0,0,0
3425,0,0,1,0,0,0,0
3450,0,0,1,0,0,0,0
3475,0,0,1,0,0,0,0
3500,0,0,1,0,0,0,0
3525,0,0,1,0,0,0,0
3550,0,0,1,0,0,0,0
3575,0,0,1,0,0,0,0
3600,0,0,1,0,0,0,0
3625,0,0,1,0,0,0,0
3650,0,0,1,0,0,0,0
3675,0,0,1,0,0,0,0
3700,0,0,1,0,0,0,0
3725,0,0,1,0,0,0,0
3750,0,0,1,0,0,0,0
3775,0,0,1,0,0,0,0
3800,0,0,1,0,0,0,0
3825,0,0,1,0,0,0,0
3850,0,0,1,0,0,0,0
3875,0,0,1,0,0,0,0
3900,0,0,1,0,0,0,0
3925,0,0,1,0,0,0,0
3950,0,0,1,0,0,0,0
3975,0,0,1,0,0,0,0
4000,0,0,1,0,0,0,0
4025,0,0,1,0,0,0,0
4050,0,0,1,0,0,0,0
4075,0,0,1,0,0,0,0
4100,0,0,1,0,0,0,0
4125,0,0,1,0,0,0,0
4150,0,0,1,0,0,0,0
4175,1,0,1,0,0,0,0
4200,1,0,1,0,0,0,0
4225,1,0,1,0,0,0,0
4250,1,0,1,0,0,0,0
4275,1,0,1,0,0,0,0
4300,1,0,1,0,0,0,0
4325,1,0,1,0,0,0,0
4350,1,0,1,0,0,0,0
4375,1,0,1,0,0,0,0
4400,1,0,1,0,0,0,0
4425,1,0,1,0,0,0,0
4450,1,0,1,0,0,0,0
4475,1,0,1,0,0,0,0
4500,1,0,1,0,0,0,0
4525,1,0,1,0,0,0,0
4550,1,0,1,0,0,0,0
4575,1,0,1,0,0,0,0
4600,1,0,1,0,0,0,0
4625,1,0,1,0,0,0,0
4650,1,0,1,0,0,0,0
4675,1,0,1,0,0,0,0
4700,1,0,1,0,0,0,0
4725,1,0,1,0,0,0,0
4750,1,0,1,0,0,0,0
4775,1,0,1,0,0,0,0
4800,1,0,1,0,0,0,0
4825,1,0,1,0,0,0,0
4850,1,0,1,0,0,0,0
4875,1,0,1,0,0,0,0
4900,1,0,1,0,0,0,0
4925,1,0,1,0,0,0,0
4950,1,0,1,0,0,0,0
4975,0,0,0,0,0,0,0
5000,0,0,0,0,0,0,0
5025,0,0,0,0,0,0,0
5050,0,0,0,0,0,0,0
5075,0,0,0,0,0,0,0
5100,0,0,0,0,0,0,0
5125,0,0,0,0,0,0,0
5150,0,0,0,0,0,0,0
5175,0,0,0,0,0,0,0
5200,0,0,0,0,0,0,0
5225,0,0,0,0,0,0,0
5250,0,0,0,0,0,0,0
5275,0,0,0,0,0,0,0
5300,0,0,0,0,0,0,0
5325,0,0,0,0,0,0,0
5350,0,0,0,0,0,0,0
5375,0,0,0,0,0,0,0
5400,0,0,0,0,0,0,0
5425,0,0,0,0,0,0,0
5450,0,0,0,0,0,0,0
5475,0,0,0,0,0,0,0
5500,0,0,0,0,0,0,0
5525,0,0,0,0,0,0,0
5550,0,0,0,0,0,0,0
5575,0,0,0,0,0,0,0
5600,0,0,0,0,0,0,0
5625,0,0,0,0,0,0,0
5650,0,0,0,0,0,0,0
5675,0,0,0,0,0,0,0
5700,0,0,0,0,0,0,0
5725,0,0,0,0,0,0,0
5750,1,0,1,0,0,0,0
5775,1,0,1,0,0,0,0
5800,1,0,1,0,0,0,0
5825,1,0,1,0,0,0,0
5850,1,0,1,0,0,0,0
5875,1,0,1,0,0,0,0
5900,1,0,1,0,0,0,0
5925,1,0,1,0,0,0,0
5950,1,0,1,0,0,0,0
5975,1,0,1,0,0,0,0
6000,1,0,1,0,0,0,0
6025,1,0,1,0,0,0,0
6050,1,0,1,0,0,0,0
6075,1,0,1,0,0,0,0
6100,1,0,1,0,0,0,0
6125,1,0,1,0,0,0,0
6150,1,0,1,0,0,0,0
6175,1,0,1,0,0,0,0
6200,1,0,1,0,0,0,0
6225,1,0,1,0,0,0,0
6250,1,0,1,0,0,0,0
6275,1,0,1,0,0,0,0
6300,1,0,1,0,0,0,0
6325,1,0,1,0,0,0,0
6350,1,0,1,0,0,0,0
6375,1,0,1,0,0,0,0
6400,1,0,1,0,0,0,0
6425,1,0,1,0,0,0,0
6450,1,0,1,0,0,0,0
6475,1,0,1,0,0,0,0
6500,1,0,1,0,0,0,0
6525,1,0,1,0,0,0,0
6550,1,0,1,0,0,0,0
6575,1,0,1,0,0,0,0
6600,1,0,1,0,0,0,0
6625,1,0,1,0,0,0,0
6650,1,0,1,0,0,0,0
6675,1,0,1,0,0,0,0
6700,1,0,1,0,0,0,0
6725,1,0,1,0,0,0,0
6750,1,0,1,0,0,0,0
6775,1,0,1,0,0,0,0
6800,1,0,1,0,0,0,0
6825,1,0,1,0,0,0,0
6850,1,0,1,0,0,0,0
6875,1,0,1,0,0,0,0
6900,1,0,1,0,0,0,0
6925,1,0,1,0,0,0,0
6950,1,0,1,0,0,0,0
6975,1,0,1,0,0,0,0
7000,1,0,1,0,0,0,0
7025,1,0,1,0,0,0,0
7050,1,0,1,0,0,0,0
7075,1,0,0,0,0,0,0
7100,1,0,0,0,0,0,0
7125,1,0,0,0,0,0,0
7150,1,0,0,0,0,0,0
7175,1,0,0,0,0,0,0
7200,1,0,0,0,0,0,0
7225,1,0,0,0,0,0,0
7250,1,0,0,0,0,0,0
7275,1,0,0,0,0,0,0
7300,1,0,0,0,0,0,0
7325,1,0,0,0,0,0,0
7350,1,0,0,0,0,0,0
7375,1,0,0,0,0,0,0
7400,1,0,0,0,0,0,0
7425,1,0,0,0,0,0,0
7450,1,0,0,0,0,0,0
7475,1,0,0,0,0,0,0
7500,1,0,0,0,0,0,0
7525,1,0,0,0,0,0,0
7550,1,0,0,0,0,0,0
7575,1,0,0,0,0,0,0
7600,1,0,0,0,0,0,0
7625,1,0,0,0,0,0,0
7650,1,0,0,0,0,0,0
7675,1,0,0,0,0,0,0
7700,1,0,0,0,0,0,0
7725,1,0,0,0,0,0,0
7750,1,0,0,0,0,0,0
7775,1,0,0,0,0,0,0
7800,1,0,0,0,0,0,0
7825,1,0,0,0,0,0,0
7850,1,0,0,0,0,0,0
7875,1,0,0,0,0,0,0
7900,1,0,0,0,0,0,0
7925,1,0,1,0,0,0,0
7950,1,0,1,0,0,0,0
7975,1,0,1,0,0,0,0
8000,1,0,1,0,0,0,0
8025,1,0,1,0,0,0,0
8050,1,0,1,0,0,0,0
8075,1,0,1,0,0,0,0
8100,1,0,1,0,0,0,0
8125,1,0,1,0,0,0,0
8150,1,0,1,0,0,0,0
8175,1,0,1,0,0,0,0
8200,1,0,1,0,0,0,0
8225,1,0,1,0,0,0,0
8250,1,0,1,0,0,0,0
8275,1,0,1,0,0,0,0
8300,0,0,1,0,0,0,0
8325,0,0,1,0,0,0,0
8350,0,0,1,0,0,0,0
8375,0,0,1,0,0,0,0
8400,0,0,1,0,0,0,0
8425,0,0,1,0,0,0,0
8450,0,0,1,0,0,0,0
8475,0,0,1,0,0,0,0
8500,0,0,1,0,0,0,0
8525,0,0,1,0,0,0,0
8550,0,0,1,0,0,0,0
8575,0,0,1,0,0,0,0
8600,0,0,1,0,0,0,0
8625,0,0,1,0,0,0,0
8650,0,0,1,0,0,0,0
8675,0,0,1,0,0,0,0
8700,0,0,1,0,0,0,0
8725,0,0,1,0,0,0,0
8750,0,0,1,0,0,0,0
8775,0,0,1,0,0,0,0
8800,0,0,1,0,0,0,0
8825,0,0,1,0,0,0,0
8850,0,0,1,0,0,0,0
8875,0,0,1,0,0,0,0
8900,0,0,1,0,0,0,0
8925,0,0,1,0,0,0,0
8950,0,0,1,0,0,0,0
8975,0,0,1,0,0,0,0
9000,0,0,1,0,0,0,0
9025,0,0,1,0,0,0,0
9050,0,0,1,0,0,0,0
9075,0,0,1,0,0,0,0
9100,0,0,1,0,0,0,0
9125,0,0,1,0,0,0,0
9150,0,0,1,0,0,0,0
9175,0,0,1,0,0,0,0
9200,0,0,1,0,0,0,0
9225,0,0,1,0,0,0,0
9250,0,0,1,0,0,0,0
9275,0,0,1,0,0,0,0
9300,0,0,1,0,0,0,0
9325,0,0,1,0,0,0,0
9350,0,0,1,0,0,0,0
9375,0,0,0,0,0,1,0
9400,0,0,0,0,0,1,0
9425,0,0,0,0,0,1,0
9450,0,0,0,0,0,1,0
9475,0,0,0,0,0,1,0
9500,0,0,0,0,0,1,0
9525,0,0,0,0,0,1,0
9550,0,0,0,0,0,1,0
9575,0,0,0,0,0,1,0
9600,0,0,0,0,0,1,0
9625,0,0,0,0,0,1,0
9650,0,0,0,0,0,1,0
9675,0,0,0,0,0,1,0
9700,0,0,0,0,0,1,0
9725,0,0,0,0,0,1,0
9750,0,0,0,0,0,1,0
9775,0,0,0,0,0,1,0
9800,0,0,0,0,0,1,0
9825,0,0,0,0,0,1,0
9850,0,0,0,0,0,1,0
9875,0,0,0,0,0,1,0
9900,0,0,0,0,0,1,0
9925,0,0,0,0,0,1,0
9950,0,0,0,0,0,1,0
9975,0,0,0,0,0,1,0
10000,0,0,0,0,0,1,0
10025,0,0,0,0,0,1,0
10050,0,0,0,0,0,1,0
10075,0,0,0,0,0,1,0
10100,0,0,0,0,0,1,0
10125,0,0,0,0,0,1,0
10150,0,0,0,0,0,1,0
10175,0,0,0,0,0,1,0
10200,0,0,0,0,0,1,0
10225,0,0,1,0,0,0,0
10250,0,0,1,0,0,0,0
10275,0,0,1,0,0,0,0
10300,0,0,1,0,0,0,0
10325,0,0,1,0,0,0,0
10350,0,0,1,0,0,0,0
10375,0,0,1,0,0,0,0
10400,0,0,1,0,0,0,0
10425,0,0,1,0,0,0,0
10450,0,0,1,0,0,0,0
10475,0,0,1,0,0,0,0
10500,0,0,1,0,0,0,0
10525,0,0,1,0,0,0,0
10550,0,0,1,0,0,0,0
10575,0,0,1,0,0,0,0
10600,0,0,1,0,0,0,0
10625,0,0,1,0,0,0,0
10650,0,0,1,0,0,0,0
10675,0,0,1,0,0,0,0
10700,0,0,1,0,0,0,0
10725,0,0,1,0,0,0,0
10750,0,0,1,0,0,0,0
10775,0,0,1,0,0,0,0
10800,0,0,1,0,0,0,0
10825,1,0,1,0,0,0,0
10850,1,0,1,0,0,0,0
10875,1,0,1,0,0,0,0
10900,1,0,1,0,0,0,0
10925,1,0,1,0,0,0,0
10950,1,0,1,0,0,0,0
10975,1,0,1,0,0,0,0
11000,1,0,1,0,0,0,0
11025,1,0,1,0,0,0,0
11050,1,0,1,0,0,0,0
11075,1,0,1,0,0,0,0
11100,1,0,1,0,0,0,0
11125,1,0,1,0,0,0,0
11150,1,0,1,0,0,0,0
11175,1,0,1,0,0,0,0
11200,1,0,1,0,0,0,0
11225,1,0,1,0,0,0,0
11250,1,0,1,0,0,0,0
11275,1,0,1,0,0,0,0
11300,1,0,1,0,0,0,0
11325,1,0,1,0,0,0,0
11350,1,0,1,0,0,0,0
11375,1,0,1,0,0,0,0
11400,1,0,1,0,0,0,0
11425,1,0,1,0,0,0,0
11450,1,0,1,0,0,0,0
11475,1,0,1,0,0,0,0
11500,1,0,1,0,0,0,0
11525,1,0,1,0,0,0,0
11550,1,0,1,0,0,0,0
11575,1,0,1,0,0,0,0
11600,1,0,1,0,0,0,0
11625,1,0,1,0,0,0,0
11650,1,0,1,0,0,0,0
11675,1,0,1,0,0,0,0
11700,1,0,1,0,0,0,0
11725,1,0,1,0,0,0,0
11750,1,0,1,0,0,0,0
11775,1,0,1,0,0,0,0
11800,1,0,1,0,0,0,0
11825,1,0,1,0,0,0,0
11850,1,0,1,0,0,0,0
11875,1,0,1,0,0,0,0
11900,1,0,1,0,0,0,0
11925,1,0,1,0,0,0,0
11950,1,0,1,0,0,0,0
11975,1,0,1,0,0,0,0
12000,1,0,1,0,0,0,0
12025,1,0,1,0,0,0,0
12050,1,0,1,0,0,0,0
12075,1,0,1,0,0,0,0
12100,1,0,1,0,0,0,0
12125,0,0,1,0,0,0,0
12150,0,0,1,0,0,0,0
12175,0,0,1,0,0,0,0
12200,0,0,1,0,0,0,0
12225,0,0,1,0,0,0,0
12250,0,0,1,0,0,0,0
12275,0,0,1,0,0,0,0
12300,0,0,1,0,0,0,0
12325,0,0,1,0,0,0,0
12350,0,0,1,0,0,0,0
12375,0,0,1,0,0,0,0
12400,0,0,1,0,0,0,0
12425,0,0,1,0,0,0,0
12450,0,0,1,0,0,0,0
12475,0,0,1,0,0,0,0
12500,0,0,1,0,0,0,0
12525,0,0,1,0,0,0,0
12550,0,0,1,0,0,0,0
12575,0,0,1,0,0,0,0
12600,0,0,1,0,0,0,0
12625,0,0,1,0,0,0,0
12650,0,0,1,0,0,0,0
12675,0,0,1,0,0,0,0
12700,0,0,1,0,0,0,0
12725,0,0,1,0,0,0,0
12750,0,0,1,0,0,0,0
12775,0,0,1,0,0,0,0
12800,0,0,1,0,0,0,0
12825,0,0,1,0,0,0,0
12850,0,0,1,0,0,0,0
12875,0,0,1,0,0,0,0
12900,0,0,1,0,0,0,0
12925,0,0,1,0,0,0,0
12950,0,0,1,0,0,0,0
12975,0,0,1,0,0,0,0
13000,0,0,1,0,0,0,0
13025,0,0,1,0,0,0,0
13050,0,0,1,0,0,0,0
13075,0,0,1,0,0,0,0
13100,0,0,1,0,0,0,0
13125,0,0,1,0,0,0,0
13150,1,0,1,0,0,0,0
13175,1,0,1,0,0,0,0
13200,1,0,1,0,0,0,0
13225,1,0,1,0,0,0,0
13250,1,0,1,0,0,0,0
13275,1,0,1,0,0,0,0
13300,1,0,1,0,0,0,0
13325,1,0,1,0,0,0,0
13350,1,0,1,0,0,0,0
13375,1,0,1,0,0,0,0
13400,1,0,1,0,0,0,0
13425,1,0,1,0,0,0,0
13450,1,0,1,0,0,0,0
13475,1,0,1,0,0,0,0
13500,1,0,1,0,0,0,0
13525,1,0,1,0,0,0,0
13550,1,0,1,0,0,0,0
13575,1,0,1,0,0,0,0
13600,1,0,1,0,0,0,0
13625,1,0,1,0,0,0,0
13650,1,0,1,0,0,0,0
13675,1,0,1,0,0,0,0
13700,1,0,1,0,0,0,0
13725,1,0,1,0,0,0,0
13750,1,0,1,0,0,0,0
13775,1,0,1,0,0,0,0
13800,0,0,1,0,0,0,0
13825,0,0,1,0,0,0,0
13850,0,0,1,0,0,0,0
13875,0,0,1,0,0,0,0
13900,0,0,1,0,0,0,0
13925,0,0,1,0,0,0,0
13950,0,0,1,0,0,0,0
13975,0,0,1,0,0,0,0
14000,0,0,1,0,0,0,0
14025,0,0,1,0,0,0,0
14050,0,0,1,0,0,0,0
14075,0,0,1,0,0,0,0
14100,0,0,1,0,0,0,0
14125,0,0,1,0,0,0,0
14150,0,0,1,0,0,0,0
14175,0,0,1,0,0,0,0
14200,0,0,1,0,0,0,0
14225,0,0,1,0,0,0,0
14250,0,0,1,0,0,0,0
14275,0,0,1,0,0,0,0
14300,0,0,1,0,0,0,0
14325,0,0,1,0,0,0,0
14350,0,0,1,0,0,0,0
14375,0,0,1,0,0,0,0
14400,0,0,1,0,0,0,0
14425,0,0,1,0,0,0,0
14450,0,0,1,0,0,0,0
14475,0,0,1,0,0,0,0
14500,0,0,1,0,0,0,0
14525,0,0,1,0,0,0,0
14550,0,0,1,0,0,0,0
14575,0,0,1,0,0,0,0
14600,0,0,1,0,0,0,0
14625,0,0,1,0,0,0,0
14650,0,0,1,0,0,0,0
14675,0,0,1,0,0,0,0
14700,0,0,1,0,0,0,0
14725,0,0,1,0,0,0,0
14750,0,0,1,0,0,0,0
14775,0,0,1,0,0,0,0
14800,0,0,1,0,0,0,0
14825,0,0,1,0,0,0,0
14850,0,0,1,0,0,0,0
14875,1,0,1,0,0,0,0
14900,1,0,1,0,0,0,0
14925,1,0,1,0,0,0,0
14950,1,0,1,0,0,0,0
14975,1,0,1,0,0,0,0
15000,1,0,1,0,0,0,0
15025,1,0,1,0,0,0,0
15050,1,0,1,0,0,0,0
15075,1,0,1,0,0,0,0
15100,1,0,1,0,0,0,0
15125,1,0,1,0,0,0,0
15150,1,0,1,0,0,0,0
15175,1,0,1,0,0,0,0
15200,1,0,1,0,0,0,0
15225,1,0,1,0,0,0,0
15250,1,0,1,0,0,0,0
15275,1,0,1,0,0,0,0
15300,1,0,1,0,0,0,0
15325,1,0,1,0,0,0,0
15350,1,0,1,0,0,0,0
15375,1,0,1,0,0,0,0
15400,1,0,1,0,0,0,0
15425,1,0,1,0,0,0,0
15450,1,0,1,0,0,0,0
15475,1,0,1,0,0,0,0
15500,1,0,1,0,0,0,0
15525,1,0,1,0,0,0,0
15550,1,0,1,0,0,0,0
15575,1,0,1,0,0,0,0
15600,1,0,1,0,0,0,0
15625,1,0,1,0,0,0,0
15650,1,0,1,0,0,0,0
15675,1,0,1,0,0,0,0
15700,1,0,1,0,0,0,0
15725,1,0,1,0,0,0,0
15750,1,0,1,0,0,0,0
15775,1,0,1,0,0,0,0
15800,1,0,1,0,0,0,0
15825,1,0,1,0,0,0,0
15850,1,0,1,0,0,0,0
15875,1,0,1,0,0,0,0
15900,1,0,1,0,0,0,0
15925,1,0,1,0,0,0,0
15950,1,0,1,0,0,0,0
15975,1,0,1,0,0,0,0
16000,1,0,1,0,0,0,0
16025,1,0,1,0,0,0,0
16050,1,0,1,0,0,0,0
16075,1,0,1,0,0,0,0
16100,1,0,1,0,0,0,0
16125,1,0,0,0,0,0,0
16150,1,0,0,0,0,0,0
16175,1,0,0,0,0,0,0
16200,1,0,0,0,0,0,0
16225,1,0,0,0,0,0,0
16250,1,0,0,0,0,0,0
16275,1,0,0,0,0,0,0
16300,1,0,0,0,0,0,0
16325,1,0,0,0,0,0,0
16350,1,0,0,0,0,0,0
16375,1,0,0,0,0,0,0
16400,1,0,0,0,0,0,0
16425,1,0,0,0,0,0,0
16450,1,0,0,0,0,0,0
16475,1,0,0,0,0,0,0
16500,1,0,0,0,0,0,0
16525,1,0,0,0,0,0,0
16550,1,0,0,0,0,0,0
16575,1,0,0,0,0,0,0
16600,1,0,0,0,0,0,0
16625,1,0,0,0,0,0,0
16650,1,0,0,0,0,0,0
16675,1,0,0,0,0,0,0
16700,0,0,1,0,0,0,0
16725,0,0,1,0,0,0,0
16750,0,0,1,0,0,0,0
16775,0,0,1,0,0,0,0
16800,0,0,1,0,0,0,0
16825,0,0,1,0,0,0,0
16850,0,0,1,0,0,0,0
16875,0,0,1,0,0,0,0
16900,0,0,1,0,0,0,0
16925,0,0,1,0,0,0,0
16950,0,0,1,0,0,0,0
16975,0,0,1,0,0,0,0
17000,0,0,1,0,0,0,0
17025,0,0,1,0,0,0,0
17050,0,0,1,0,0,0,0
17075,0,0,1,0,0,0,0
17100,0,0,1,0,0,0,0
17125,0,0,1,0,0,0,0
17150,0,0,1,0,0,0,0
17175,0,0,1,0,0,0,0
17200,0,0,1,0,0,0,0
17225,0,0,1,0,0,0,0
17250,0,0,1,0,0,0,0
17275,0,0,1,0,0,0,0
17300,0,0,1,0,0,0,0
17325,0,0,1,0,0,0,0
17350,0,0,1,0,0,0,0
17375,0,0,1,0,0,0,0
17400,0,0,1,0,0,0,0
17425,0,0,1,0,0,0,0
17450,0,0,1,0,0,0,0
17475,1,0,0,0,0,1,0
17500,1,0,0,0,0,1,0
17525,1,0,0,0,0,1,0
17550,1,0,0,0,0,1,0
17575,1,0,0,0,0,1,0
17600,1,0,0,0,0,1,0
17625,1,0,0,0,0,1,0
17650,1,0,0,0,0,1,0
17675,1,0,0,0,0,1,0
17700,1,0,0,0,0,1,0
17725,1,0,0,0,0,1,0
17750,1,0,0,0,0,1,0
17775,1,0,0,0,0,1,0
17800,1,0,0,0,0,1,0
17825,1,0,0,0,0,1,0
17850,1,0,0,0,0,1,0
17875,1,0,0,0,0,1,0
17900,1,0,0,0,0,1,0
17925,1,0,0,0,0,1,0
17950,1,0,0,0,0,1,0
17975,1,0,0,0,0,1,0
18000,1,0,0,0,0,1,0
18025,1,0,0,0,0,1,0
18050,1,0,0,0,0,1,0
18075,1,0,0,0,0,1,0
18100,1,0,0,0,0,1,0
18125,1,0,0,0,0,1,0
18150,1,0,0,0,0,1,0
18175,1,0,0,0,0,1,0
18200,1,0,0,0,0,1,0
18225,1,0,0,0,0,1,0
18250,1,0,0,0,0,1,0
18275,1,0,0,0,0,1,0
18300,1,0,1,0,0,0,0
18325,1,0,1,0,0,0,0
18350,1,0,1,0,0,0,0
18375,1,0,1,0,0,0,0
18400,1,0,1,0,0,0,0
18425,1,0,1,0,0,0,0
18450,1,0,1,0,0,0,0
18475,1,0,1,0,0,0,0
18500,1,0,1,0,0,0,0
18525,1,0,1,0,0,0,0
18550,1,0,1,0,0,0,0
18575,1,0,1,0,0,0,0
18600,1,0,1,0,0,0,0
18625,1,0,1,0,0,0,0
18650,1,0,1,0,0,0,0
18675,1,0,1,0,0,0,0
18700,1,0,1,0,0,0,0
18725,1,0,1,0,0,0,0
18750,1,0,1,0,0,0,0
18775,1,0,1,0,0,0,0
18800,1,0,1,0,0,0,0
18825,1,0,1,0,0,0,0
18850,1,0,1,0,0,0,0
18875,1,0,1,0,0,0,0
18900,1,0,1,0,0,0,0
18925,1,0,1,0,0,0,0
18950,1,0,1,0,0,0,0
18975,0,0,0,0,0,0,0
19000,0,0,0,0,0,0,0
19025,0,0,0,0,0,0,0
19050,0,0,0,0,0,0,0
19075,0,0,0,0,0,0,0
19100,0,0,0,0,0,0,0
19125,0,0,0,0,0,0,0
19150,0,0,0,0,0,0,0
19175,0,0,0,0,0,0,0
19200,0,0,0,0,0,0,0
19225,0,0,0,0,0,0,0
19250,0,0,0,0,0,0,0
19275,0,0,0,0,0,0,0
19300,0,0,0,0,0,0,0
19325,0,0,0,0,0,0,0
19350,0,0,0,0,0,0,0
19375,0,0,0,0,0,0,0
19400,0,0,0,0,0,0,0
19425,0,0,0,0,0,0,0
19450,0,0,0,0,0,0,0
19475,0,0,0,0,0,0,0
19500,0,0,0,0,0,0,0
19525,0,0,0,0,0,0,0
19550,0,0,0,0,0,0,0
19575,0,0,0,0,0,0,0
19600,0,0,0,0,0,0,0
19625,0,0,0,0,0,0,0
19650,0,0,0,0,0,0,0
19675,0,0,0,0,0,0,0
19700,0,0,0,0,0,0,0
19725,0,0,0,0,0,0,0
19750,0,0,0,0,0,0,0
19775,0,0,0,0,0,0,0
19800,0,0,0,0,0,0,0
19825,0,0,0,0,0,0,0
19850,0,0,0,0,0,0,0
19875,0,0,0,0,0,0,0
19900,0,0,0,0,0,0,0
19925,0,0,0,0,0,0,0
19950,0,0,0,0,0,0,0
19975,0,0,0,0,0,0,0
20000,0,0,0,0,0,0,0
20025,1,0,1,0,0,0,0
20050,1,0,1,0,0,0,0
20075,1,0,1,0,0,0,0
20100,1,0,1,0,0,0,0
20125,1,0,1,0,0,0,0
20150,1,0,1,0,0,0,0
20175,1,0,1,0,0,0,0
20200,1,0,1,0,0,0,0
20225,1,0,1,0,0,0,0
20250,1,0,1,0,0,0,0
20275,1,0,1,0,0,0,0
20300,1,0,1,0,0,0,0
20325,1,0,1,0,0,0,0
20350,1,0,1,0,0,0,0
20375,1,0,1,0,0,0,0
20400,1,0,1,0,0,0,0
20425,1,0,1,0,0,0,0
20450,1,0,1,0,0,0,0
20475,1,0,1,0,0,0,0
20500,1,0,1,0,0,0,0
20525,1,0,1,0,0,0,0
20550,1,0,1,0,0,0,0
20575,1,0,1,0,0,0,0
20600,1,0,1,0,0,0,0
20625,1,0,1,0,0,0,0
20650,0,1,0,0,0,0,0
20675,0,1,0,0,0,0,0
20700,0,1,0,0,0,0,0
20725,0,1,0,0,0,0,0
20750,0,1,0,0,0,0,0
20775,0,1,0,0,0,0,0
20800,0,1,0,0,0,0,0
20825,0,1,0,0,0,0,0
20850,0,1,0,0,0,0,0
20875,0,1,0,0,0,0,0
20900,0,1,0,0,0,0,0
20925,0,1,0,0,0,0,0
20950,0,1,0,0,0,0,0
20975,0,1,0,0,0,0,0
21000,0,1,0,0,0,0,0
21025,0,1,0,0,0,0,0
21050,0,1,0,0,0,0,0
21075,0,1,0,0,0,0,0
21100,0,1,0,0,0,0,0
21125,0,1,0,0,0,0,0
21150,0,1,0,0,0,0,0
21175,0,1,0,0,0,0,0
21200,0,1,0,0,0,0,0
21225,0,1,0,0,0,0,0
21250,0,1,0,0,0,0,0
21275,0,0,1,0,0,0,0
21300,0,0,1,0,0,0,0
21325,0,0,1,0,0,0,0
21350,0,0,1,0,0,0,0
21375,0,0,1,0,0,0,0
21400,0,0,1,0,0,0,0
21425,0,0,1,0,0,0,0
21450,0,0,1,0,0,0,0
21475,0,0,1,0,0,0,0
21500,0,0,1,0,0,0,0
21525,0,0,1,0,0,0,0
21550,0,0,1,0,0,0,0
21575,0,0,1,0,0,0,0
21600,0,0,1,0,0,0,0
21625,0,0,1,0,0,0,0
21650,0,0,1,0,0,0,0
21675,0,0,1,0,0,0,0
21700,0,0,1,0,0,0,0
21725,0,0,1,0,0,0,0
21750,0,0,1,0,0,0,0
21775,0,0,1,0,0,0,0
21800,0,0,1,0,0,0,0
21825,0,0,1,0,0,0,0
21850,0,0,1,0,0,0,0
21875,0,0,1,0,0,0,0
21900,0,0,1,0,0,0,0
21925,0,0,1,0,0,0,0
21950,0,0,1,0,0,0,0
21975,0,0,1,0,0,0,0
22000,0,0,1,0,0,0,0
22025,0,0,1,0,0,0,0
22050,0,0,1,0,0,0,0
22075,1,0,1,0,0,0,0
22100,1,0,1,0,0,0,0
22125,1,0,1,0,0,0,0
22150,1,0,1,0,0,0,0
22175,1,0,1,0,0,0,0
22200,1,0,1,0,0,0,0
22225,1,0,1,0,0,0,0
22250,1,0,1,0,0,0,0
22275,1,0,1,0,0,0,0
22300,1,0,1,0,0,0,0
22325,1,0,1,0,0,0,0
22350,1,0,1,0,0,0,0
22375,1,0,1,0,0,0,0
22400,1,0,1,0,0,0,0
22425,1,0,1,0,0,0,0
22450,1,0,1,0,0,0,0
22475,1,0,1,0,0,0,0
22500,1,0,1,0,0,0,0
22525,1,0,1,0,0,0,0
22550,1,0,1,0,0,0,0
22575,1,0,1,0,0,0,0
22600,1,0,1,0,0,0,0
22625,1,0,1,0,0,0,0
22650,1,0,1,0,0,0,0
22675,1,0,1,0,0,0,0
22700,1,0,1,0,0,0,0
22725,1,0,1,0,0,0,0
22750,1,0,1,0,0,0,0
22775,1,0,1,0,0,0,0
22800,1,0,1,0,0,0,0
22825,1,0,1,0,0,0,0
22850,1,0,1,0,0,0,0
22875,1,0,1,0,0,0,0
22900,1,0,1,0,0,0,0
22925,1,0,1,0,0,0,0
22950,1,0,1,0,0,0,0
22975,1,0,1,0,0,0,0
23000,1,0,1,0,0,0,0
23025,1,0,1,0,0,0,0
23050,1,0,1,0,0,0,0
23075,1,0,1,0,0,0,0
23100,1,0,1,0,0,0,0
23125,0,0,0,0,0,0,0
23150,0,0,0,0,0,0,0
23175,0,0,0,0,0,0,0
23200,0,0,0,0,0,0,0
23225,0,0,0,0,0,0,0
23250,0,0,0,0,0,0,0
23275,0,0,0,0,0,0,0
23300,0,0,0,0,0,0,0
23325,0,0,0,0,0,0,0
23350,0,0,0,0,0,0,0
23375,0,0,0,0,0,0,0
23400,0,0,0,0,0,0,0
23425,0,0,0,0,0,0,0
23450,0,0,0,0,0,0,0
23475,0,0,0,0,0,0,0
23500,0,0,0,0,0,0,0
23525,0,0,0,0,0,0,0
23550,0,0,0,0,0,0,0
23575,0,0,0,0,0,0,0
23600,0,0,0,0,0,0,0
23625,0,0,0,0,0,0,0
23650,0,0,0,0,0,0,0
23675,0,0,0,0,0,0,0
23700,0,0,0,0,0,0,0
23725,0,0,0,0,0,0,0
23750,0,0,0,0,0,0,0
23775,0,0,0,0,0,0,0
23800,0,0,0,0,0,0,0
23825,0,0,0,0,0,0,0
23850,0,0,0,0,0,0,0
23875,0,0,0,0,0,0,0
23900,1,0,1,0,0,0,0
23925,1,0,1,0,0,0,0
23950,1,0,1,0,0,0,0
23975,1,0,1,0,0,0,0
24000,1,0,1,0,0,0,0
24025,1,0,1,0,0,0,0
24050,1,0,1,0,0,0,0
24075,1,0,1,0,0,0,0
24100,1,0,1,0,0,0,0
24125,1,0,1,0,0,0,0
24150,1,0,1,0,0,0,0
24175,1,0,1,0,0,0,0
24200,1,0,1,0,0,0,0
24225,1,0,1,0,0,0,0
24250,1,0,1,0,0,0,0
24275,1,0,1,0,0,0,0
24300,1,0,1,0,0,0,0
24325,1,0,1,0,0,0,0
24350,1,0,1,0,0,0,0
24375,1,0,1,0,0,0,0
24400,1,0,1,0,0,0,0
24425,1,0,1,0,0,0,0
24450,1,0,1,0,0,0,0
24475,1,0,1,0,0,0,0
24500,1,0,1,0,0,0,0
24525,1,0,1,0,0,0,0
24550,1,0,1,0,0,0,0
24575,1,0,1,0,0,0,0
24600,1,0,1,0,0,0,0
24625,1,0,1,0,0,0,0
24650,1,0,1,0,0,0,0
24675,1,0,1,0,0,0,0
24700,1,0,1,0,0,0,0
24725,1,0,1,0,0,0,0
24750,1,0,1,0,0,0,0
24775,1,0,1,0,0,0,0
24800,1,0,1,0,0,0,0
24825,1,0,1,0,0,0,0
24850,1,0,1,0,0,0,0
24875,1,0,1,0,0,0,0
24900,1,0,1,0,0,0,0
24925,1,0,1,0,0,0,0
24950,1,0,1,0,0,0,0
24975,1,0,1,0,0,0,0
25000,1,0,1,0,0,0,0
25025,1,0,1,0,0,0,0
25050,1,0,1,0,0,0,0
25075,1,0,1,0,0,0,0
25100,1,0,1,0,0,0,0
25125,1,0,1,0,0,0,0
25150,1,0,1,0,0,0,0
25175,1,0,1,0,0,0,0
25200,1,0,1,0,0,0,0
25225,1,0,1,0,0,0,0
25250,1,0,1,0,0,0,0
25275,1,0,1,0,0,0,0
25300,1,0,1,0,0,0,0
25325,1,0,1,0,0,0,0
25350,1,0,1,0,0,0,0
25375,1,0,1,0,0,0,0
25400,1,0,1,0,0,0,0
25425,1,0,1,0,0,0,0
25450,1,0,1,0,0,0,0
25475,1,0,1,0,0,0,0
25500,1,0,1,0,0,0,0
25525,1,0,1,0,0,0,0
25550,1,0,1,0,0,0,0
25575,1,0,1,0,0,0,0
25600,1,0,1,0,0,0,0
25625,1,0,1,0,0,0,0
25650,1,0,1,0,0,0,0
25675,1,0,1,0,0,0,0
25700,1,0,1,0,0,0,0
25725,1,0,1,0,0,0,0
25750,1,0,1,0,0,0,0
25775,1,0,1,0,0,0,0
25800,1,0,1,0,0,0,0
25825,1,0,1,0,0,0,0
25850,1,0,1,0,0,0,0
25875,0,0,1,0,0,0,0
25900,0,0,1,0,0,0,0
25925,0,0,1,0,0,0,0
25950,0,0,1,0,0,0,0
25975,0,0,1,0,0,0,0
26000,0,0,1,0,0,0,0
26025,0,0,1,0,0,0,0
26050,0,0,1,0,0,0,0
26075,0,0,1,0,0,0,0
26100,0,0,1,0,0,0,0
26125,0,0,1,0,0,0,0
26150,0,0,1,0,0,0,0
26175,0,0,1,0,0,0,0
26200,0,0,1,0,0,0,0
26225,0,0,1,0,0,0,0
26250,0,0,1,0,0,0,0
26275,0,0,1,0,0,0,0
26300,0,0,1,0,0,0,0
26325,0,0,1,0,0,0,0
26350,0,0,1,0,0,0,0
26375,0,0,1,0,0,0,0
26400,0,0,1,0,0,0,0
26425,0,0,1,0,0,0,0
26450,0,0,1,0,0,0,0
26475,0,0,1,0,0,0,0
26500,0,0,1,0,0,0,0
26525,0,0,1,0,0,0,0
26550,0,0,1,0,0,0,0
26575,0,0,1,0,0,0,0
26600,0,0,1,0,0,0,0
26625,0,0,1,0,0,0,0
26650,0,0,1,0,0,0,0
26675,0,0,1,0,0,0,0
26700,0,0,1,0,0,0,0
26725,0,0,1,0,0,0,0
26750,0,0,1,0,0,0,0
26775,0,0,1,0,0,0,0
26800,0,0,1,0,0,0,0
26825,0,0,1,0,0,0,0
26850,0,0,1,0,0,0,0
26875,0,0,1,0,0,0,0
26900,0,0,1,0,0,0,0
26925,0,0,1,0,0,0,0
26950,0,0,0,0,0,0,0
26975,0,0,0,0,0,0,0
27000,0,0,0,0,0,0,0
27025,0,0,0,0,0,0,0
27050,0,0,0,0,0,0,0
27075,0,0,0,0,0,0,0
27100,0,0,0,0,0,0,0
27125,0,0,0,0,0,0,0
27150,0,0,0,0,0,0,0
27175,0,0,0,0,0,0,0
27200,0,0,0,0,0,0,0
27225,0,0,0,0,0,0,0
27250,0,0,0,0,0,0,0
27275,0,0,0,0,0,0,0
27300,0,0,0,0,0,0,0
27325,0,0,0,0,0,0,0
27350,0,0,0,0,0,0,0
27375,0,0,0,0,0,0,0
27400,0,0,0,0,0,0,0
27425,0,0,0,0,0,0,0
27450,0,0,0,0,0,0,0
27475,0,0,0,0,0,0,0
27500,0,0,0,0,0,0,0
27525,0,0,0,0,0,0,0
27550,0,0,0,0,0,0,0
27575,0,0,0,0,0,0,0
27600,0,0,1,0,0,0,0
27625,0,0,1,0,0,0,0
27650,0,0,1,0,0,0,0
27675,0,0,1,0,0,0,0
27700,0,0,1,0,0,0,0
27725,0,0,1,0,0,0,0
27750,0,0,1,0,0,0,0
27775,0,0,1,0,0,0,0
27800,0,0,1,0,0,0,0
27825,0,0,1,0,0,0,0
27850,0,0,1,0,0,0,0
27875,0,0,1,0,0,0,0
27900,0,0,1,0,0,0,0
27925,0,0,1,0,0,0,0
27950,0,0,1,0,0,0,0
27975,0,0,1,0,0,0,0
28000,0,0,1,0,0,0,0
28025,0,0,1,0,0,0,0
28050,0,0,1,0,0,0,0
28075,0,0,1,0,0,0,0
28100,0,0,1,0,0,0,0
28125,0,0,1,0,0,0,0
28150,0,0,1,0,0,0,0
28175,1,0,1,0,0,0,0
28200,1,0,1,0,0,0,0
28225,1,0,1,0,0,0,0
28250,1,0,1,0,0,0,0
28275,1,0,1,0,0,0,0
28300,1,0,1,0,0,0,0
28325,1,0,1,0,0,0,0
28350,1,0,1,0,0,0,0
28375,1,0,1,0,0,0,0
28400,1,0,1,0,0,0,0
28425,1,0,1,0,0,0,0
28450,1,0,1,0,0,0,0
28475,1,0,1,0,0,0,0
28500,1,0,1,0,0,0,0
28525,1,0,1,0,0,0,0
28550,1,0,1,0,0,0,0
28575,1,0,1,0,0,0,0
28600,1,0,1,0,0,0,0
28625,1,0,1,0,0,0,0
28650,1,0,1,0,0,0,0
28675,1,0,1,0,0,0,0
28700,1,0,1,0,0,0,0
28725,1,0,1,0,0,0,0
28750,1,0,1,0,0,0,0
28775,1,0,1,0,0,0,0
28800,1,0,1,0,0,0,0
28825,1,0,1,0,0,0,0
28850,1,0,1,0,0,0,0
28875,1,0,1,0,0,0,0
28900,1,0,1,0,0,0,0
28925,1,0,1,0,0,0,0
28950,1,0,1,0,0,0,0
28975,1,0,1,0,0,0,0
29000,1,0,1,0,0,0,0
29025,1,0,1,0,0,0,0
29050,1,0,1,0,0,0,0
29075,1,0,1,0,0,0,0
29100,1,0,1,0,0,0,0
29125,1,0,1,0,0,0,0
29150,1,0,1,0,0,0,0
29175,1,0,1,0,0,0,0
29200,1,0,1,0,0,0,0
29225,1,0,1,0,0,0,0
29250,1,0,1,0,0,0,0
29275,1,0,1,0,0,0,0
29300,1,0,1,0,0,0,0
29325,1,0,1,0,0,0,0
29350,1,0,1,0,0,0,0
29375,1,0,1,0,0,0,0
29400,1,0,1,0,0,0,0
29425,1,0,1,0,0,0,0
29450,1,0,1,0,0,0,0
29475,1,0,1,0,0,0,0
29500,1,0,1,0,0,0,0
29525,1,0,1,0,0,0,0
29550,1,0,1,0,0,0,0
29575,1,0,1,0,0,0,0
29600,1,0,1,0,0,0,0
29625,1,0,1,0,0,0,0
29650,1,0,0,0,0,1,0
29675,1,0,0,0,0,1,0
29700,1,0,0,0,0,1,0
29725,1,0,0,0,0,1,0
29750,1,0,0,0,0,1,0
29775,1,0,0,0,0,1,0
29800,1,0,0,0,0,1,0
29825,1,0,0,0,0,1,0
29850,1,0,0,0,0,1,0
29875,1,0,0,0,0,1,0
29900,1,0,0,0,0,1,0
29925,1,0,0,0,0,1,0
29950,1,0,0,0,0,1,0
29975,1,0,0,0,0,1,0
30000,1,0,0,0,0,1,0
30025,1,0,0,0,0,1,0
30050,1,0,0,0,0,1,0
30075,1,0,0,0,0,1,0
30100,1,0,0,0,0,1,0
30125,1,0,0,0,0,1,0
30150,1,0,0,0,0,1,0
30175,1,0,0,0,0,1,0
30200,1,0,0,0,0,1,0
30225,1,0,0,0,0,1,0
30250,1,0,0,0,0,1,0
30275,1,0,0,0,0,1,0
30300,1,0,0,0,0,1,0
30325,1,0,0,0,0,1,0
30350,1,0,0,0,0,1,0
30375,0,0,1,0,0,0,0
30400,0,0,1,0,0,0,0
30425,0,0,1,0,0,0,0
30450,0,0,1,0,0,0,0
30475,0,0,1,0,0,0,0
30500,0,0,1,0,0,0,0
30525,0,0,1,0,0,0,0
30550,0,0,1,0,0,0,0
30575,0,0,1,0,0,0,0
30600,0,0,1,0,0,0,0
30625,0,0,1,0,0,0,0
30650,0,0,1,0,0,0,0
30675,0,0,1,0,0,0,0
30700,0,0,1,0,0,0,0
30725,0,0,1,0,0,0,0
30750,0,0,1,0,0,0,0
30775,0,0,1,0,0,0,0
30800,0,0,1,0,0,0,0
30825,1,1,0,0,0,0,0
30850,1,1,0,0,0,0,0
30875,1,1,0,0,0,0,0
30900,1,1,0,0,0,0,0
30925,1,1,0,0,0,0,0
30950,1,1,0,0,0,0,0
30975,1,1,0,0,0,0,0
31000,1,1,0,0,0,0,0
31025,1,1,0,0,0,0,0
31050,1,1,0,0,0,0,0
31075,1,1,0,0,0,0,0
31100,1,1,0,0,0,0,0
31125,1,1,0,0,0,0,0
31150,1,1,0,0,0,0,0
31175,1,1,0,0,0,0,0
31200,1,1,0,0,0,0,0
31225,1,1,0,0,0,0,0
31250,1,1,0,0,0,0,0
31275,1,1,0,0,0,0,0
31300,1,1,0,0,0,0,0
31325,1,1,0,0,0,0,0
31350,1,1,0,0,0,0,0
31375,1,1,0,0,0,0,0
31400,1,1,0,0,0,0,0
31425,1,1,0,0,0,0,0
31450,1,1,0,0,0,0,0
31475,1,1,0,0,0,0,0
31500,1,1,0,0,0,0,0
31525,1,1,0,0,0,0,0
31550,1,1,0,0,0,0,0
31575,1,1,0,0,0,0,0
31600,1,1,0,0,0,0,0
31625,1,1,0,0,0,0,0
31650,1,1,0,0,0,0,0
31675,1,1,0,0,0,0,0
31700,1,0,1,0,0,0,0
31725,1,0,1,0,0,0,0
31750,1,0,1,0,0,0,0
31775,1,0,1,0,0,0,0
31800,1,0,1,0,0,0,0
31825,1,0,1,0,0,0,0
31850,1,0,1,0,0,0,0
31875,1,0,1,0,0,0,0
31900,1,0,1,0,0,0,0
31925,1,0,1,0,0,0,0
31950,1,0,1,0,0,0,0
31975,1,0,1,0,0,0,0
32000,1,0,1,0,0,0,0
32025,1,0,1,0,0,0,0
32050,1,0,1,0,0,0,0
32075,1,0,1,0,0,0,0
32100,1,0,1,0,0,0,0
32125,1,0,1,0,0,0,0
32150,1,0,1,0,0,0,0
32175,1,0,1,0,0,0,0
32200,1,0,1,0,0,0,0
32225,1,0,1,0,0,0,0
32250,1,0,1,0,0,0,0
32275,1,0,1,0,0,0,0
32300,1,0,1,0,0,0,0
32325,1,0,1,0,0,0,0
32350,1,0,1,0,0,0,0
32375,1,0,1,0,0,0,0
32400,1,0,1,0,0,0,0
32425,1,0,1,0,0,0,0
32450,1,0,1,0,0,0,0
32475,1,0,1,0,0,0,0
32500,1,0,1,0,0,0,0
32525,1,0,1,0,0,0,0
32550,1,0,1,0,0,0,0
32575,1,0,1,0,0,0,0
32600,1,0,1,0,0,0,0
32625,1,0,1,0,0,0,0
32650,1,0,1,0,0,0,0
32675,1,0,1,0,0,0,0
32700,1,0,1,0,0,0,0
32725,1,0,1,0,0,0,0
32750,1,0,1,0,0,0,0
32775,1,0,1,0,0,0,0
32800,1,0,1,0,0,0,0
32825,1,0,1,0,0,0,0
32850,1,0,1,0,0,0,0
32875,1,0,1,0,0,0,0
32900,1,0,1,0,0,0,0
32925,1,0,1,0,0,0,0
32950,1,0,1,0,0,0,0
32975,1,0,1,0,0,0,0
33000,1,0,1,0,0,0,0
33025,1,0,1,0,0,0,0
33050,1,0,1,0,0,0,0
33075,1,0,1,0,0,0,0
33100,1,0,1,0,0,0,0
33125,1,0,1,0,0,0,0
33150,1,0,1,0,0,0,0
33175,1,0,1,0,0,0,0
33200,1,0,1,0,0,0,0
33225,1,0,1,0,0,0,0
33250,1,0,1,0,0,0,0
33275,1,0,1,0,0,0,0
33300,1,0,1,0,0,0,0
33325,1,0,1,0,0,0,0
33350,1,0,1,0,0,0,0
33375,1,0,1,0,0,0,0
33400,1,0,1,0,0,0,0
33425,1,0,1,0,0,0,0
33450,1,0,1,0,0,0,0
33475,1,0,1,0,0,0,0
33500,1,0,1,0,0,0,0
33525,1,0,1,0,0,0,0
33550,1,0,1,0,0,0,0
33575,1,0,1,0,0,0,0
33600,1,0,1,0,0,0,0
33625,1,0,1,0,0,0,0
33650,1,0,1,0,0,0,0
33675,1,0,1,0,0,0,0
33700,1,0,1,0,0,0,0
33725,1,0,1,0,0,0,0
33750,1,0,1,0,0,0,0
33775,1,0,1,0,0,0,0
33800,0,0,1,0,0,0,0
33825,0,0,1,0,0,0,0
33850,0,0,1,0,0,0,0
33875,0,0,1,0,0,0,0
33900,0,0,1,0,0,0,0
33925,0,0,1,0,0,0,0
33950,0,0,1,0,0,0,0
33975,0,0,1,0,0,0,0
34000,0,0,1,0,0,0,0
34025,0,0,1,0,0,0,0
34050,0,0,1,0,0,0,0
34075,0,0,1,0,0,0,0
34100,0,0,1,0,0,0,0
34125,0,0,1,0,0,0,0
34150,0,0,1,0,0,0,0
34175,0,0,1,0,0,0,0
34200,0,0,1,0,0,0,0
34225,0,0,1,0,0,0,0
34250,0,0,1,0,0,0,0
34275,0,0,1,0,0,0,0
34300,0,0,1,0,0,0,0
34325,0,0,1,0,0,0,0
34350,0,0,1,0,0,0,0
34375,0,0,1,0,0,0,0
34400,0,0,1,0,0,0,0
34425,0,0,1,0,0,0,0
34450,0,0,1,0,0,0,0
34475,0,0,1,0,0,0,0
34500,0,0,1,0,0,0,0
34525,0,0,1,0,0,0,0
34550,0,0,1,0,0,0,0
34575,0,0,1,0,0,0,0
34600,0,0,1,0,0,0,0
34625,0,0,1,0,0,0,0
34650,0,0,1,0,0,0,0
34675,0,0,1,0,0,0,0
34700,0,0,1,0,0,0,0
34725,0,0,1,0,0,0,0
34750,0,0,1,0,0,0,0
34775,0,0,1,0,0,0,0
34800,0,0,1,0,0,0,0
34825,0,0,1,0,0,0,0
34850,0,0,1,0,0,0,0
34875,0,0,1,0,0,0,0
34900,0,0,1,0,0,0,0
34925,0,0,1,0,0,0,0
34950,0,0,1,0,0,0,0
34975,0,0,1,0,0,0,0
35000,0,0,1,0,0,0,0
35025,0,0,1,0,0,0,0
35050,0,0,1,0,0,0,0
35075,0,0,1,0,0,0,0
35100,0,0,1,0,0,0,0
35125,0,0,1,0,0,0,0
35150,0,0,1,0,0,0,0
35175,0,0,1,0,0,0,0
35200,0,0,1,0,0,0,0
35225,0,0,1,0,0,0,0
35250,0,0,1,0,0,0,0
35275,0,0,1,0,0,0,0
35300,0,0,1,0,0,0,0
35325,0,0,1,0,0,0,0
35350,0,0,1,0,0,0,0
35375,0,0,1,0,0,0,0
35400,0,0,1,0,0,0,0
35425,0,0,1,0,0,0,0
35450,0,0,1,0,0,0,0
35475,0,0,1,0,0,0,0
35500,0,0,1,0,0,0,0
35525,0,0,1,0,0,0,0
35550,0,0,1,0,0,0,0
35575,0,0,1,0,0,0,0
35600,0,0,1,0,0,0,0
35625,0,0,1,0,0,0,0
35650,0,0,1,0,0,0,0
35675,0,0,1,0,0,0,0
35700,0,0,1,0,0,0,0
35725,0,0,1,0,0,0,0
35750,0,0,1,0,0,0,0
35775,0,0,1,0,0,0,0
35800,0,0,1,0,0,0,0
35825,0,0,1,0,0,0,0
35850,0,0,1,0,0,0,0
35875,0,0,1,0,0,0,0
35900,0,0,1,0,0,0,0
35925,0,0,1,0,0,0,0
35950,0,0,1,0,0,0,0
35975,0,0,1,0,0,0,0
36000,0,0,1,0,0,0,0
36025,0,0,1,0,0,0,0
36050,0,0,1,0,0,0,0
36075,0,0,1,0,0,0,0
36100,0,0,1,0,0,0,0
36125,0,0,1,0,0,0,0
36150,0,0,1,0,0,0,0
36175,0,0,1,0,0,0,0
36200,0,0,1,0,0,0,0
36225,0,0,1,0,0,0,0
36250,0,0,1,0,0,0,0
36275,0,0,1,0,0,0,0
36300,0,0,1,0,0,0,0
36325,0,0,1,0,0,0,0
36350,0,0,1,0,0,0,0
36375,0,0,1,0,0,0,0
36400,0,0,1,0,0,0,0
36425,0,0,1,0,0,0,0
36450,1,0,1,0,0,0,0
36475,1,0,1,0,0,0,0
36500,1,0,1,0,0,0,0
36525,1,0,1,0,0,0,0
36550,1,0,1,0,0,0,0
36575,1,0,1,0,0,0,0
36600,1,0,1,0,0,0,0
36625,1,0,1,0,0,0,0
36650,1,0,1,0,0,0,0
36675,1,0,1,0,0,0,0
36700,1,0,1,0,0,0,0
36725,1,0,1,0,0,0,0
36750,1,0,1,0,0,0,0
36775,1,0,1,0,0,0,0
36800,1,0,1,0,0,0,0
36825,1,0,1,0,0,0,0
36850,1,0,1,0,0,0,0
36875,1,0,1,0,0,0,0
36900,1,0,1,0,0,0,0
36925,1,0,1,0,0,0,0
36950,1,0,1,0,0,0,0
36975,1,0,1,0,0,0,0
37000,1,0,1,0,0,0,0
37025,1,0,1,0,0,0,0
37050,1,0,1,0,0,0,0
37075,1,0,1,0,0,0,0
37100,1,0,1,0,0,0,0
37125,1,0,1,0,0,0,0
37150,1,0,1,0,0,0,0
37175,1,0,1,0,0,0,0
37200,1,0,1,0,0,0,0
37225,1,0,1,0,0,0,0
37250,1,0,1,0,0,0,0
37275,1,0,1,0,0,0,0
37300,1,0,1,0,0,0,0
37325,1,0,1,0,0,0,0
37350,1,0,1,0,0,0,0
37375,1,0,1,0,0,0,0
37400,1,0,1,0,0,0,0
37425,1,0,1,0,0,0,0
37450,1,0,1,0,0,0,0
37475,1,0,1,0,0,0,0
37500,1,0,1,0,0,0,0
37525,1,0,1,0,0,0,0
37550,1,0,1,0,0,0,0
37575,1,0,1,0,0,0,0
37600,1,0,1,0,0,0,0
37625,1,0,1,0,0,0,0
37650,1,0,1,0,0,0,0
37675,1,0,1,0,0,0,0
37700,1,0,1,0,0,0,0
37725,1,0,1,0,0,0,0
37750,1,0,1,0,0,0,0
37775,1,0,1,0,0,0,0
37800,1,0,1,0,0,0,0
37825,1,0,1,0,0,0,0
37850,1,0,1,0,0,0,0
37875,1,0,1,0,0,0,0
37900,1,0,1,0,0,0,0
37925,1,0,1,0,0,0,0
37950,1,0,1,0,0,0,0
37975,1,0,1,0,0,0,0
38000,1,0,1,0,0,0,0
38025,1,0,1,0,0,0,0
38050,1,0,1,0,0,0,0
38075,1,0,1,0,0,0,0
38100,1,0,1,0,0,0,0
38125,1,0,1,0,0,0,0
38150,1,0,1,0,0,0,0
38175,1,0,1,0,0,0,0
38200,1,0,1,0,0,0,0
38225,1,0,1,0,0,0,0
38250,1,0,1,0,0,0,0
38275,1,0,1,0,0,0,0
38300,1,0,1,0,0,0,0
38325,1,0,1,0,0,0,0
38350,1,0,1,0,0,0,0
38375,1,0,1,0,0,0,0
38400,1,0,1,0,0,0,0
38425,1,0,1,0,0,0,0
38450,1,0,1,0,0,0,0
38475,1,0,1,0,0,0,0
38500,1,0,1,0,0,0,0
38525,1,0,1,0,0,0,0
38550,1,0,1,0,0,0,0
38575,1,0,1,0,0,0,0
38600,1,0,1,0,0,0,0
38625,1,0,1,0,0,0,0
38650,1,0,1,0,0,0,0
38675,1,0,1,0,0,0,0
38700,1,0,1,0,0,0,0
38725,1,0,1,0,0,0,0
38750,1,0,1,0,0,0,0
38775,1,0,1,0,0,0,0
38800,1,0,1,0,0,0,0
38825,1,0,1,0,0,0,0
38850,1,0,1,0,0,0,0
38875,1,0,1,0,0,0,0
38900,1,0,1,0,0,0,0
38925,1,0,1,0,0,0,0
38950,1,0,1,0,0,0,0
38975,1,0,1,0,0,0,0
39000,1,0,1,0,0,0,0
39025,1,0,1,0,0,0,0
39050,1,0,1,0,0,0,0
39075,1,0,1,0,0,0,0
39100,1,0,1,0,0,0,0
39125,1,0,1,0,0,0,0
39150,1,0,1,0,0,0,0
39175,1,0,1,0,0,0,0
39200,1,0,1,0,0,0,0
39225,1,0,1,0,0,0,0
39250,1,0,1,0,0,0,0
39275,1,0,1,0,0,0,0
39300,1,0,1,0,0,0,0
39325,1,0,1,0,0,0,0
39350,1,0,1,0,0,0,0
39375,1,0,1,0,0,0,0
39400,1,0,1,0,0,0,0
39425,1,0,1,0,0,0,0
39450,1,0,0,0,0,0,0
39475,1,0,0,0,0,0,0
39500,1,0,0,0,0,0,0
39525,1,0,0,0,0,0,0
39550,1,0,0,0,0,0,0
39575,1,0,0,0,0,0,0
39600,1,0,0,0,0,0,0
39625,1,0,0,0,0,0,0
39650,1,0,0,0,0,0,0
39675,1,0,0,0,0,0,0
39700,1,0,0,0,0,0,0
39725,1,0,0,0,0,0,0
39750,1,0,0,0,0,0,0
39775,1,0,0,0,0,0,0
39800,1,0,0,0,0,0,0
39825,1,0,0,0,0,0,0
39850,1,0,0,0,0,0,0
39875,1,0,0,0,0,0,0
39900,1,0,0,0,0,0,0
39925,1,0,0,0,0,0,0
39950,1,0,0,0,0,0,0
39975,1,0,0,0,0,0,0
40000,1,0,0,0,0,0,0
40025,1,0,0,0,0,0,0
40050,1,0,0,0,0,0,0
40075,1,0,0,0,0,0,0
40100,1,0,0,0,0,0,0
40125,1,0,0,0,0,0,0
40150,1,0,0,0,0,0,0
40175,1,0,0,0,0,0,0
40200,1,0,0,0,0,0,0
40225,1,0,0,0,0,0,0
40250,1,0,0,0,0,0,0
40275,1,0,0,0,0,0,0
40300,1,0,0,0,0,0,0
40325,1,0,0,0,0,0,0
40350,1,0,0,0,0,0,0
40375,1,0,0,0,0,0,0
40400,1,0,0,0,0,0,0
40425,1,0,0,0,0,0,0
40450,1,0,0,0,0,0,0
40475,1,0,0,0,0,0,0
40500,1,0,0,0,0,0,0
40525,1,0,0,0,0,0,0
40550,1,0,0,0,0,0,0
40575,1,0,0,0,0,0,0
40600,1,0,0,0,0,0,0
40625,1,0,0,0,0,0,0
40650,1,0,0,0,0,0,0
40675,1,0,0,0,0,0,0
40700,1,0,0,0,0,0,0
40725,1,0,0,0,0,0,0
40750,1,0,0,0,0,0,0
40775,1,0,0,0,0,0,0
40800,1,0,0,0,0,0,0
40825,1,0,0,0,0,0,0
40850,1,0,0,0,0,0,0
40875,1,0,0,0,0,0,0
40900,1,0,0,0,0,0,0
40925,1,0,0,0,0,0,0
40950,1,0,0,0,0,0,0
40975,1,0,0,0,0,0,0
41000,1,0,0,0,0,0,0
41025,1,0,0,0,0,0,0
41050,1,0,0,0,0,0,0
41075,1,0,0,0,0,0,0
41100,1,0,0,0,0,0,0
41125,1,0,0,0,0,0,0
41150,1,0,0,0,0,0,0
41175,1,0,0,0,0,0,0
41200,1,0,0,0,0,0,0
41225,1,0,0,0,0,0,0
41250,1,0,0,0,0,0,0
41275,1,0,0,0,0,0,0
41300,1,0,0,0,0,0,0
41325,1,0,0,0,0,0,0
41350,1,0,0,0,0,0,0
41375,1,0,0,0,0,0,0
41400,1,0,0,0,0,0,0
41425,1,0,0,0,0,0,0
41450,1,0,0,0,0,0,0
41475,1,0,0,0,0,0,0
41500,1,0,0,0,0,0,0
41525,1,0,0,0,0,0,0
41550,1,0,0,0,0,0,0
41575,1,0,0,0,0,0,0
41600,1,0,0,0,0,0,0
41625,1,0,0,0,0,0,0
41650,1,0,0,0,0,0,0
41675,1,0,0,0,0,0,0
41700,1,0,0,0,0,0,0
41725,1,0,0,0,0,0,0
41750,1,0,0,0,0,0,0
41775,1,0,0,0,0,0,0
41800,1,0,0,0,0,0,0
41825,1,0,0,0,0,0,0
41850,1,0,0,0,0,0,0
41875,1,0,0,0,0,0,0
41900,1,0,0,0,0,0,0
41925,1,0,0,0,0,0,0
41950,1,0,0,0,0,0,0
41975,1,0,0,0,0,0,0
42000,1,0,0,0,0,0,0
42025,1,0,0,0,0,0,0
42050,1,0,0,0,0,0,0
42075,1,0,0,0,0,0,0
42100,1,0,0,0,0,0,0
42125,1,0,0,0,0,0,0
42150,1,0,0,0,0,0,0
42175,1,0,0,0,0,0,0
42200,1,0,0,0,0,0,0
42225,1,0,0,0,0,0,0
42250,1,0,0,0,0,0,0
42275,1,0,0,0,0,0,0
42300,1,0,0,0,0,0,0
42325,1,0,0,0,0,0,0
42350,1,0,0,0,0,0,0
42375,1,0,0,0,0,0,0
42400,1,0,0,0,0,0,0
42425,1,0,0,0,0,0,0
42450,1,0,0,0,0,0,0
42475,1,0,0,0,0,0,0
42500,1,0,0,0,0,0,0
42525,1,0,0,0,0,0,0
42550,1,0,0,0,0,0,0
42575,1,0,0,0,0,0,0
42600,1,0,0,0,0,0,0
42625,1,0,1,0,0,0,0
42650,1,0,1,0,0,0,0
42675,1,0,1,0,0,0,0
42700,1,0,1,0,0,0,0
42725,1,0,1,0,0,0,0
42750,1,0,1,0,0,0,0
42775,1,0,1,0,0,0,0
42800,1,0,1,0,0,0,0
42825,1,0,1,0,0,0,0
42850,1,0,1,0,0,0,0
42875,1,0,1,0,0,0,0
42900,1,0,1,0,0,0,0
42925,1,0,1,0,0,0,0
42950,1,0,1,0,0,0,0
42975,1,0,1,0,0,0,0
43000,1,0,1,0,0,0,0
43025,1,0,1,0,0,0,0
43050,1,0,1,0,0,0,0
43075,1,0,1,0,0,0,0
43100,1,0,1,0,0,0,0
43125,1,0,1,0,0,0,0
43150,1,0,1,0,0,0,0
43175,1,0,1,0,0,0,0
43200,1,0,1,0,0,0,0
43225,1,0,1,0,0,0,0
43250,1,0,1,0,0,0,0
43275,1,0,1,0,0,0,0
43300,1,0,1,0,0,0,0
43325,1,0,1,0,0,0,0
43350,1,0,1,0,0,0,0
43375,1,0,1,0,0,0,0
43400,1,0,1,0,0,0,0
43425,1,0,1,0,0,0,0
43450,1,0,1,0,0,0,0
43475,1,0,1,0,0,0,0
43500,1,0,1,0,0,0,0
43525,1,0,1,0,0,0,0
43550,1,0,1,0,0,0,0
43575,1,0,1,0,0,0,0
43600,1,0,1,0,0,0,0
43625,1,0,1,0,0,0,0
43650,1,0,1,0,0,0,0
43675,1,0,1,0,0,0,0
43700,1,0,1,0,0,0,0
43725,1,0,1,0,0,0,0
43750,1,0,1,0,0,0,0
43775,1,0,1,0,0,0,0
43800,1,0,1,0,0,0,0
43825,1,0,1,0,0,0,0
43850,1,0,1,0,0,0,0
43875,1,0,1,0,0,0,0
43900,1,0,1,0,0,0,0
43925,1,0,1,0,0,0,0
43950,1,0,1,0,0,0,0
43975,1,0,1,0,0,0,0
44000,1,0,1,0,0,0,0
44025,1,0,1,0,0,0,0
44050,1,0,1,0,0,0,0
44075,1,0,1,0,0,0,0
44100,1,0,1,0,0,0,0
44125,1,0,1,0,0,0,0
44150,1,0,1,0,0,0,0
44175,1,0,1,0,0,0,0
44200,1,0,1,0,0,0,0
44225,1,0,1,0,0,0,0
44250,1,0,1,0,0,0,0
44275,1,0,1,0,0,0,0
44300,1,0,1,0,0,0,0
44325,1,0,1,0,0,0,0
44350,1,0,1,0,0,0,0
44375,1,0,1,0,0,0,0
44400,1,0,1,0,0,0,0
44425,1,0,1,0,0,0,0
44450,1,0,1,0,0,0,0
44475,1,0,1,0,0,0,0
44500,1,0,1,0,0,0,0
44525,1,0,1,0,0,0,0
44550,1,0,1,0,0,0,0
44575,1,0,1,0,0,0,0
44600,1,0,1,0,0,0,0
44625,1,0,1,0,0,0,0
44650,1,0,1,0,0,0,0
44675,1,0,1,0,0,0,0
44700,1,0,1,0,0,0,0
44725,1,0,1,0,0,0,0
44750,1,0,1,0,0,0,0
44775,1,0,1,0,0,0,0
44800,1,0,1,0,0,0,0
44825,1,0,1,0,0,0,0
44850,1,0,1,0,0,0,0
44875,1,0,1,0,0,0,0
44900,1,0,1,0,0,0,0
44925,1,0,1,0,0,0,0
44950,1,0,1,0,0,0,0
44975,1,0,1,0,0,0,0
45000,1,0,1,0,0,0,0
45025,1,0,1,0,0,0,0
45050,1,0,1,0,0,0,0
45075,1,0,1,0,0,0,0
45100,1,0,1,0,0,0,0
45125,1,0,1,0,0,0,0
45150,1,0,1,0,0,0,0
45175,1,0,1,0,0,0,0
45200,1,0,1,0,0,0,0
45225,1,0,1,0,0,0,0
45250,1,0,1,0,0,0,0
45275,1,0,1,0,0,0,0
45300,1,0,1,0,0,0,0
45325,1,0,1,0,0,0,0
45350,1,0,1,0,0,0,0
45375,1,0,1,0,0,0,0
45400,1,0,1,0,0,0,0
45425,1,0,1,0,0,0,0
45450,1,0,1,0,0,0,0
45475,0,0,1,0,0,0,0
45500,0,0,1,0,0,0,0
45525,0,0,1,0,0,0,0
45550,0,0,1,0,0,0,0
45575,0,0,1,0,0,0,0
45600,0,0,1,0,0,0,0
45625,0,0,1,0,0,0,0
45650,0,0,1,0,0,0,0
45675,0,0,1,0,0,0,0
45700,0,0,1,0,0,0,0
45725,0,0,1,0,0,0,0
45750,0,0,1,0,0,0,0
45775,0,0,1,0,0,0,0
45800,0,0,1,0,0,0,0
45825,0,0,1,0,0,0,0
45850,0,0,1,0,0,0,0
45875,0,0,1,0,0,0,0
45900,0,0,1,0,0,0,0
45925,0,0,1,0,0,0,0
45950,0,0,1,0,0,0,0
45975,0,0,1,0,0,0,0
46000,0,0,1,0,0,0,0
46025,0,0,1,0,0,0,0
46050,0,0,1,0,0,0,0
46075,0,0,1,0,0,0,0
46100,0,0,1,0,0,0,0
46125,0,0,1,0,0,0,0
46150,0,0,1,0,0,0,0
46175,0,0,1,0,0,0,0
46200,0,0,1,0,0,0,0
46225,0,0,1,0,0,0,0
46250,0,0,1,0,0,0,0
46275,0,0,1,0,0,0,0
46300,0,0,1,0,0,0,0
46325,0,0,1,0,0,0,0
46350,0,0,1,0,0,0,0
46375,0,0,1,0,0,0,0
46400,0,0,1,0,0,0,0
46425,0,0,1,0,0,0,0
46450,0,0,1,0,0,0,0
46475,0,0,1,0,0,0,0
46500,0,0,1,0,0,0,0
46525,0,0,1,0,0,0,0
46550,0,0,1,0,0,0,0
46575,0,0,1,0,0,0,0
46600,0,0,1,0,0,0,0
46625,0,0,1,0,0,0,0
46650,0,0,1,0,0,0,0
46675,0,0,1,0,0,0,0
46700,0,0,1,0,0,0,0
46725,0,0,1,0,0,0,0
46750,0,0,1,0,0,0,0
46775,0,0,1,0,0,0,0
46800,0,0,1,0,0,0,0
46825,0,0,1,0,0,0,0
46850,0,0,1,0,0,0,0
46875,0,0,1,0,0,0,0
46900,0,0,1,0,0,0,0
46925,0,0,1,0,0,0,0
46950,0,0,1,0,0,0,0
46975,0,0,1,0,0,0,0
47000,0,0,1,0,0,0,0
47025,0,0,1,0,0,0,0
47050,0,0,1,0,0,0,0
47075,0,0,1,0,0,0,0
47100,0,0,1,0,0,0,0
47125,0,0,1,0,0,0,0
47150,0,0,1,0,0,0,0
47175,0,0,1,0,0,0,0
47200,0,0,1,0,0,0,0
47225,0,0,1,0,0,0,0
47250,0,0,1,0,0,0,0
47275,0,0,1,0,0,0,0
47300,0,0,1,0,0,0,0
47325,0,0,1,0,0,0,0
47350,0,0,1,0,0,0,0
47375,0,0,1,0,0,0,0
47400,0,0,1,0,0,0,0
47425,0,0,1,0,0,0,0
47450,0,0,1,0,0,0,0
47475,0,0,1,0,0,0,0
47500,0,0,1,0,0,0,0
47525,0,0,1,0,0,0,0
47550,0,0,1,0,0,0,0
47575,0,0,1,0,0,0,0
47600,0,0,1,0,0,0,0
47625,0,0,1,0,0,0,0
47650,0,0,1,0,0,0,0
47675,0,0,1,0,0,0,0
47700,0,0,1,0,0,0,0
47725,1,0,1,0,0,0,0
47750,1,0,1,0,0,0,0
47775,1,0,1,0,0,0,0
47800,1,0,1,0,0,0,0
47825,1,0,1,0,0,0,0
47850,1,0,1,0,0,0,0
47875,1,0,1,0,0,0,0
47900,1,0,1,0,0,0,0
47925,1,0,1,0,0,0,0
47950,1,0,1,0,0,0,0
47975,1,0,1,0,0,0,0
48000,1,0,1,0,0,0,0
48025,1,0,1,0,0,0,0
48050,1,0,1,0,0,0,0
48075,1,0,1,0,0,0,0
48100,1,0,1,0,0,0,0
48125,1,0,1,0,0,0,0
48150,1,0,1,0,0,0,0
48175,1,0,1,0,0,0,0
48200,1,0,1,0,0,0,0
48225,1,0,1,0,0,0,0
48250,1,0,1,0,0,0,0
48275,1,0,1,0,0,0,0
48300,1,0,1,0,0,0,0
48325,1,0,1,0,0,0,0
48350,1,0,1,0,0,0,0
48375,1,0,1,0,0,0,0
48400,1,0,1,0,0,0,0
48425,1,0,1,0,0,0,0
48450,1,0,1,0,0,0,0
48475,1,0,1,0,0,0,0
48500,1,0,1,0,0,0,0
48525,1,0,1,0,0,0,0
48550,1,0,1,0,0,0,0
48575,1,0,1,0,0,0,0
48600,1,0,1,0,0,0,0
48625,1,0,1,0,0,0,0
48650,1,0,1,0,0,0,0
48675,1,0,1,0,0,0,0
48700,1,0,1,0,0,0,0
48725,1,0,1,0,0,0,0
48750,0,0,1,0,0,0,0
48775,0,0,1,0,0,0,0
48800,0,0,1,0,0,0,0
48825,0,0,1,0,0,0,0
48850,0,0,1,0,0,0,0
48875,0,0,1,0,0,0,0
48900,0,0,1,0,0,0,0
48925,0,0,1,0,0,0,0
48950,0,0,1,0,0,0,0
48975,0,0,1,0,0,0,0
49000,0,0,1,0,0,0,0
49025,0,0,1,0,0,0,0
49050,0,0,1,0,0,0,0
49075,0,0,1,0,0,0,0
49100,0,0,1,0,0,0,0
49125,0,0,1,0,0,0,0
49150,0,0,1,0,0,0,0
49175,0,0,1,0,0,0,0
49200,0,0,1,0,0,0,0
49225,0,0,1,0,0,0,0
49250,0,0,1,0,0,0,0
49275,0,0,1,0,0,0,0
49300,0,0,1,0,0,0,0
49325,0,0,1,0,0,0,0
49350,0,0,1,0,0,0,0
49375,0,0,1,0,0,0,0
49400,0,0,1,0,0,0,0
49425,0,0,1,0,0,0,0
49450,0,0,1,0,0,0,0
49475,0,0,1,0,0,0,0
49500,0,0,1,0,0,0,0
49525,0,0,1,0,0,0,0
49550,0,0,1,0,0,0,0
49575,0,0,1,0,0,0,0
49600,0,0,1,0,0,0,0
49625,0,0,1,0,0,0,0
49650,0,0,1,0,0,0,0
49675,0,0,1,0,0,0,0
49700,0,0,1,0,0,0,0
49725,0,0,1,0,0,0,0
49750,0,0,1,0,0,0,0
49775,0,0,1,0,0,0,0
49800,0,0,1,0,0,0,0
49825,0,0,1,0,0,0,0
49850,0,0,1,0,0,0,0
49875,0,0,1,0,0,0,0
49900,0,0,1,0,0,0,0
49925,0,0,1,0,0,0,0
49950,0,0,1,0,0,0,0
49975,0,0,1,0,0,0,0
50000,0,0,1,0,0,0,0
50025,0,0,1,0,0,0,0
50050,0,0,1,0,0,0,0
50075,0,0,1,0,0,0,0
50100,0,0,1,0,0,0,0
50125,0,0,1,0,0,0,0
50150,0,0,1,0,0,0,0
50175,0,0,1,0,0,0,0
50200,0,0,1,0,0,0,0
50225,0,0,1,0,0,0,0
50250,0,0,1,0,0,0,0
50275,0,0,1,0,0,0,0
50300,0,0,1,0,0,0,0
50325,0,0,1,0,0,0,0
50350,0,0,1,0,0,0,0
50375,0,0,1,0,0,0,0
50400,0,0,1,0,0,0,0
50425,0,0,1,0,0,0,0
50450,0,0,1,0,0,0,0
50475,0,0,1,0,0,0,0
50500,0,0,1,0,0,0,0
50525,0,0,1,0,0,0,0
50550,0,0,1,0,0,0,0
50575,0,0,1,0,0,0,0
50600,0,0,1,0,0,0,0
50625,0,0,1,0,0,0,0
50650,0,0,1,0,0,0,0
50675,0,0,1,0,0,0,0
50700,0,0,1,0,0,0,0
50725,0,0,1,0,0,0,0
50750,0,0,1,0,0,0,0
50775,0,0,1,0,0,0,0
50800,0,0,1,0,0,0,0
50825,0,0,1,0,0,0,0
50850,0,0,1,0,0,0,0
50875,0,0,1,0,0,0,0
50900,0,0,1,0,0,0,0
50925,0,0,0,0,0,0,0
50950,0,0,0,0,0,0,0
50975,0,0,0,0,0,0,0
51000,0,0,0,0,0,0,0
51025,0,0,0,0,0,0,0
51050,0,0,0,0,0,0,0
51075,0,0,0,0,0,0,0
51100,0,0,0,0,0,0,0
51125,0,0,0,0,0,0,0
51150,0,0,0,0,0,0,0
51175,0,0,0,0,0,0,0
51200,0,0,0,0,0,0,0
51225,0,0,0,0,0,0,0
51250,0,0,0,0,0,0,0
51275,0,0,0,0,0,0,0
51300,0,0,0,0,0,0,0
51325,0,0,0,0,0,0,0
51350,0,0,0,0,0,0,0
51375,0,0,0,0,0,0,0
51400,0,0,0,0,0,0,0
51425,0,0,0,0,0,0,0
51450,0,0,0,0,0,0,0
51475,0,0,0,0,0,0,0
51500,0,0,0,0,0,0,0
51525,0,0,0,0,0,0,0
51550,0,0,0,0,0,0,0
51575,0,0,0,0,0,0,0
51600,0,0,0,0,0,0,0
51625,0,0,0,0,0,0,0
51650,0,0,0,0,0,0,0
51675,0,0,0,0,0,0,0
51700,0,0,0,0,0,0,0
51725,0,0,0,0,0,0,0
51750,0,0,0,0,0,0,0
51775,0,0,0,0,0,0,0
51800,0,0,0,0,0,0,0
51825,0,0,0,0,0,0,0
51850,0,0,1,0,0,0,0
51875,0,0,1,0,0,0,0
51900,0,0,1,0,0,0,0
51925,0,0,1,0,0,0,0
51950,0,0,1,0,0,0,0
51975,0,0,1,0,0,0,0
52000,0,0,1,0,0,0,0
52025,0,0,1,0,0,0,0
52050,0,0,1,0,0,0,0
52075,0,0,1,0,0,0,0
52100,0,0,1,0,0,0,0
52125,0,0,1,0,0,0,0
52150,0,0,1,0,0,0,0
52175,0,0,1,0,0,0,0
52200,0,0,1,0,0,0,0
52225,0,0,1,0,0,0,0
52250,0,0,1,0,0,0,0
52275,0,0,1,0,0,0,0
52300,0,0,1,0,0,0,0
52325,0,0,1,0,0,0,0
52350,0,0,1,0,0,0,0
52375,0,0,1,0,0,0,0
52400,0,0,1,0,0,0,0
52425,0,0,1,0,0,0,0
52450,0,0,1,0,0,0,0
52475,0,0,1,0,0,0,0
52500,0,0,1,0,0,0,0
52525,0,0,1,0,0,0,0
52550,0,0,1,0,0,0,0
52575,0,0,1,0,0,0,0
52600,0,0,1,0,0,0,0
52625,0,0,1,0,0,0,0
52650,0,0,1,0,0,0,0
52675,0,0,1,0,0,0,0
52700,0,0,1,0,0,0,0
52725,0,0,1,0,0,0,0
52750,0,0,1,0,0,0,0
52775,0,0,1,0,0,0,0
52800,0,0,1,0,0,0,0
52825,0,0,1,0,0,0,0
52850,0,0,1,0,0,0,0
52875,0,0,1,0,0,0,0
52900,0,0,1,0,0,0,0
52925,0,0,1,0,0,0,0
52950,0,0,1,0,0,0,0
52975,0,0,1,0,0,0,0
53000,0,0,1,0,0,0,0
53025,0,0,1,0,0,0,0
53050,0,0,1,0,0,0,0
53075,0,0,1,0,0,0,0
53100,0,0,1,0,0,0,0
53125,0,0,1,0,0,0,0
53150,0,0,1,0,0,0,0
53175,0,0,1,0,0,0,0
53200,0,0,1,0,0,0,0
53225,0,0,1,0,0,0,0
53250,0,0,1,0,0,0,0
53275,0,0,1,0,0,0,0
53300,0,0,1,0,0,0,0
53325,0,0,1,0,0,0,0
53350,0,0,1,0,0,0,0
53375,0,0,1,0,0,0,0
53400,0,0,1,0,0,0,0
53425,0,0,1,0,0,0,0
53450,0,0,1,0,0,0,0
53475,0,0,1,0,0,0,0
53500,0,0,1,0,0,0,0
53525,1,0,1,0,0,0,0
53550,1,0,1,0,0,0,0
53575,1,0,1,0,0,0,0
53600,1,0,1,0,0,0,0
53625,1,0,1,0,0,0,0
53650,1,0,1,0,0,0,0
53675,1,0,1,0,0,0,0
53700,1,0,1,0,0,0,0
53725,1,0,1,0,0,0,0
53750,1,0,1,0,0,0,0
53775,1,0,1,0,0,0,0
53800,1,0,1,0,0,0,0
53825,1,0,1,0,0,0,0
53850,1,0,1,0,0,0,0
53875,1,0,1,0,0,0,0
53900,1,0,1,0,0,0,0
53925,1,0,1,0,0,0,0
53950,1,0,1,0,0,0,0
53975,1,0,1,0,0,0,0
54000,1,0,1,0,0,0,0
54025,1,0,1,0,0,0,0
54050,1,0,1,0,0,0,0
54075,1,0,1,0,0,0,0
54100,1,0,1,0,0,0,0
54125,1,0,1,0,0,0,0
54150,1,0,1,0,0,0,0
54175,1,0,1,0,0,0,0
54200,0,0,1,0,0,0,0
54225,0,0,1,0,0,0,0
54250,0,0,1,0,0,0,0
54275,0,0,1,0,0,0,0
54300,0,0,1,0,0,0,0
54325,0,0,1,0,0,0,0
54350,0,0,1,0,0,0,0
54375,0,0,1,0,0,0,0
54400,0,0,1,0,0,0,0
54425,0,0,1,0,0,0,0
54450,0,0,1,0,0,0,0
54475,0,0,1,0,0,0,0
54500,0,0,1,0,0,0,0
54525,0,0,1,0,0,0,0
54550,0,0,1,0,0,0,0
54575,0,0,1,0,0,0,0
54600,0,0,1,0,0,0,0
54625,0,0,1,0,0,0,0
54650,0,0,1,0,0,0,0
54675,1,0,1,0,0,0,0
54700,1,0,1,0,0,0,0
54725,1,0,1,0,0,0,0
54750,1,0,1,0,0,0,0
54775,1,0,1,0,0,0,0
54800,1,0,1,0,0,0,0
54825,1,0,1,0,0,0,0
54850,1,0,1,0,0,0,0
54875,1,0,1,0,0,0,0
54900,1,0,1,0,0,0,0
54925,1,0,1,0,0,0,0
54950,1,0,1,0,0,0,0
54975,1,0,1,0,0,0,0
55000,1,0,1,0,0,0,0
55025,1,0,1,0,0,0,0
55050,1,0,1,0,0,0,0
55075,1,0,1,0,0,0,0
55100,1,0,1,0,0,0,0
55125,1,0,1,0,0,0,0
55150,1,0,1,0,0,0,0
55175,1,0,1,0,0,0,0
55200,1,0,1,0,0,0,0
55225,1,0,1,0,0,0,0
55250,1,0,1,0,0,0,0
55275,1,0,1,0,0,0,0
55300,1,0,1,0,0,0,0
55325,1,0,1,0,0,0,0
55350,1,0,1,0,0,0,0
55375,1,0,1,0,0,0,0
55400,1,0,1,0,0,0,0
55425,1,0,1,0,0,0,0
55450,1,0,1,0,0,0,0
55475,1,0,1,0,0,0,0
55500,1,0,1,0,0,0,0
55525,1,0,1,0,0,0,0
55550,1,0,1,0,0,0,0
55575,1,0,1,0,0,0,0
55600,1,0,1,0,0,0,0
55625,1,0,1,0,0,0,0
55650,1,0,1,0,0,0,0
55675,1,0,1,0,0,0,0
55700,1,0,1,0,0,0,0
55725,1,0,1,0,0,0,0
55750,1,0,1,0,0,0,0
55775,1,0,1,0,0,0,0
55800,1,0,1,0,0,0,0
55825,1,0,1,0,0,0,0
55850,1,0,1,0,0,0,0
55875,1,0,1,0,0,0,0
55900,1,0,1,0,0,0,0
55925,1,0,1,0,0,0,0
55950,1,0,1,0,0,0,0
55975,1,0,1,0,0,0,0
56000,1,0,0,0,0,0,0
56025,1,0,0,0,0,0,0
56050,1,0,0,0,0,0,0
56075,1,0,0,0,0,0,0
56100,1,0,0,0,0,0,0
56125,1,0,0,0,0,0,0
56150,1,0,0,0,0,0,0
56175,1,0,0,0,0,0,0
56200,1,0,0,0,0,0,0
56225,1,0,0,0,0,0,0
56250,1,0,0,0,0,0,0
56275,1,0,0,0,0,0,0
56300,1,0,0,0,0,0,0
56325,1,0,0,0,0,0,0
56350,1,0,0,0,0,0,0
56375,1,0,0,0,0,0,0
56400,1,0,0,0,0,0,0
56425,1,0,0,0,0,0,0
56450,1,0,0,0,0,0,0
56475,1,0,0,0,0,0,0
56500,1,0,0,0,0,0,0
56525,1,0,0,0,0,0,0
56550,1,0,0,0,0,0,0
56575,1,0,0,0,0,0,0
56600,1,0,0,0,0,0,0
56625,1,0,0,0,0,0,0
56650,1,0,0,0,0,0,0
56675,1,0,0,0,0,0,0
56700,1,0,0,0,0,0,0
56725,1,0,0,0,0,0,0
56750,1,0,0,0,0,0,0
56775,1,0,0,0,0,0,0
56800,1,0,0,0,0,0,0
56825,1,0,0,0,0,0,0
56850,1,0,0,0,0,0,0
56875,1,0,0,0,0,0,0
56900,1,0,0,0,0,0,0
56925,1,0,0,0,0,0,0
56950,1,0,1,0,0,0,0
56975,1,0,1,0,0,0,0
57000,1,0,1,0,0,0,0
57025,1,0,1,0,0,0,0
57050,1,0,1,0,0,0,0
57075,1,0,1,0,0,0,0
57100,1,0,1,0,0,0,0
57125,1,0,1,0,0,0,0
57150,1,0,1,0,0,0,0
57175,1,0,1,0,0,0,0
57200,1,0,1,0,0,0,0
57225,1,0,1,0,0,0,0
57250,1,0,1,0,0,0,0
57275,1,0,1,0,0,0,0
57300,1,0,1,0,0,0,0
57325,1,0,1,0,0,0,0
57350,1,0,1,0,0,0,0
57375,1,0,1,0,0,0,0
57400,1,0,1,0,0,0,0
57425,1,0,1,0,0,0,0
57450,1,0,1,0,0,0,0
57475,1,0,1,0,0,0,0
57500,1,0,1,0,0,0,0
57525,1,0,1,0,0,0,0
57550,1,0,1,0,0,0,0
57575,1,0,1,0,0,0,0
57600,1,0,1,0,0,0,0
57625,1,0,1,0,0,0,0
57650,1,0,1,0,0,0,0
57675,1,0,1,0,0,0,0
57700,1,0,1,0,0,0,0
57725,1,0,1,0,0,0,0
57750,1,0,1,0,0,0,0
57775,1,0,1,0,0,0,0
57800,1,0,1,0,0,0,0
57825,1,0,1,0,0,0,0
57850,1,0,1,0,0,0,0
57875,1,0,1,0,0,0,0
57900,1,0,1,0,0,0,0
57925,1,0,1,0,0,0,0
57950,1,0,1,0,0,0,0
57975,1,0,1,0,0,0,0
58000,1,0,1,0,0,0,0
58025,1,0,1,0,0,0,0
58050,1,0,1,0,0,0,0
58075,1,0,1,0,0,0,0
58100,1,0,1,0,0,0,0
58125,1,0,1,0,0,0,0
58150,1,0,1,0,0,0,0
58175,1,0,1,0,0,0,0
58200,1,0,1,0,0,0,0
58225,1,0,1,0,0,0,0
58250,1,0,1,0,0,0,0
58275,1,0,1,0,0,0,0
58300,1,0,1,0,0,0,0
58325,1,0,1,0,0,0,0
58350,1,0,1,0,0,0,0
58375,1,0,1,0,0,0,0
58400,1,0,1,0,0,0,0
58425,1,0,1,0,0,0,0
58450,1,0,1,0,0,0,0
58475,1,0,1,0,0,0,0
58500,1,0,1,0,0,0,0
58525,1,0,1,0,0,0,0
58550,1,0,1,0,0,0,0
58575,1,0,1,0,0,0,0
58600,1,0,1,0,0,0,0
58625,1,0,1,0,0,0,0
58650,1,0,1,0,0,0,0
58675,1,0,1,0,0,0,0
58700,1,0,1,0,0,0,0
58725,1,0,1,0,0,0,0
58750,1,0,1,0,0,0,0
58775,1,0,1,0,0,0,0
58800,1,0,1,0,0,0,0
58825,1,0,1,0,0,0,0
58850,1,0,1,0,0,0,0
58875,1,0,1,0,0,0,0
58900,1,0,1,0,0,0,0
58925,1,0,1,0,0,0,0
58950,1,0,1,0,0,0,0
58975,1,0,1,0,0,0,0
59000,1,0,1,0,0,0,0
59025,1,0,1,0,0,0,0
59050,1,0,1,0,0,0,0
59075,1,0,1,0,0,0,0
59100,1,0,1,0,0,0,0
59125,1,0,1,0,0,0,0
59150,1,0,1,0,0,0,0
59175,1,0,1,0,0,0,0
59200,1,0,1,0,0,0,0
59225,1,0,1,0,0,0,0
59250,1,0,1,0,0,0,0
59275,1,0,1,0,0,0,0
59300,1,0,1,0,0,0,0
59325,1,0,1,0,0,0,0
59350,1,0,1,0,0,0,0
59375,1,0,1,0,0,0,0
59400,1,0,1,0,0,0,0
59425,1,0,1,0,0,0,0
59450,1,0,1,0,0,0,0
59475,1,0,1,0,0,0,0
59500,1,0,1,0,0,0,0
59525,1,0,1,0,0,0,0
59550,1,0,1,0,0,0,0
59575,1,0,1,0,0,0,0
59600,1,0,1,0,0,0,0
59625,1,0,1,0,0,0,0
59650,1,0,1,0,0,0,0
59675,1,0,1,0,0,0,0
59700,1,0,1,0,0,0,0
59725,1,0,1,0,0,0,0
59750,1,0,1,0,0,0,0
59775,1,0,1,0,0,0,0
59800,1,0,1,0,0,0,0
59825,0,0,1,0,0,0,0
59850,0,0,1,0,0,0,0
59875,0,0,1,0,0,0,0
59900,0,0,1,0,0,0,0
59925,0,0,1,0,0,0,0
59950,0,0,1,0,0,0,0
59975,0,0,1,0,0,0,0
60000,0,0,1,0,0,0,0
60025,0,0,1,0,0,0,0
60050,0,0,1,0,0,0,0
60075,0,0,1,0,0,0,0
60100,0,0,1,0,0,0,0
60125,0,0,1,0,0,0,0
60150,0,0,1,0,0,0,0
60175,0,0,1,0,0,0,0
60200,0,0,1,0,0,0,0
60225,0,0,1,0,0,0,0
60250,0,0,1,0,0,0,0
60275,0,0,1,0,0,0,0
60300,0,0,1,0,0,0,0
60325,0,0,1,0,0,0,0
60350,0,0,1,0,0,0,0
60375,0,0,1,0,0,0,0
60400,0,0,1,0,0,0,0
60425,0,0,1,0,0,0,0
60450,0,0,1,0,0,0,0
60475,0,0,1,0,0,0,0
60500,0,0,1,0,0,0,0
60525,0,0,1,0,0,0,0
60550,0,0,1,0,0,0,0
60575,0,0,1,0,0,0,0
60600,0,0,1,0,0,0,0
60625,0,0,1,0,0,0,0
60650,0,0,1,0,0,0,0
60675,0,0,1,0,0,0,0
60700,1,0,1,0,0,0,0
60725,1,0,1,0,0,0,0
60750,1,0,1,0,0,0,0
60775,1,0,1,0,0,0,0
60800,1,0,1,0,0,0,0
60825,1,0,1,0,0,0,0
60850,1,0,1,0,0,0,0
60875,1,0,1,0,0,0,0
60900,1,0,1,0,0,0,0
60925,1,0,1,0,0,0,0
60950,1,0,1,0,0,0,0
60975,1,0,1,0,0,0,0
61000,1,0,1,0,0,0,0
61025,1,0,1,0,0,0,0
61050,1,0,1,0,0,0,0
61075,1,0,1,0,0,0,0
61100,1,0,1,0,0,0,0
61125,1,0,1,0,0,0,0
61150,1,0,1,0,0,0,0
61175,1,0,1,0,0,0,0
61200,1,0,1,0,0,0,0
61225,1,0,1,0,0,0,0
61250,1,0,1,0,0,0,0
61275,1,0,1,0,0,0,0
61300,1,0,1,0,0,0,0
61325,1,0,1,0,0,0,0
61350,1,0,1,0,0,0,0
61375,1,0,1,0,0,0,0
61400,1,0,1,0,0,0,0
61425,1,0,1,0,0,0,0
61450,1,0,1,0,0,0,0
61475,1,0,1,0,0,0,0
61500,1,0,1,0,0,0,0
61525,1,0,1,0,0,0,0
61550,1,0,1,0,0,0,0
61575,1,0,1,0,0,0,0
61600,1,0,1,0,0,0,0
61625,1,0,1,0,0,0,0
61650,1,0,1,0,0,0,0
61675,1,0,1,0,0,0,0
61700,1,0,1,0,0,0,0
61725,1,0,1,0,0,0,0
61750,1,0,1,0,0,0,0
61775,1,0,1,0,0,0,0
61800,1,0,1,0,0,0,0
61825,1,0,1,0,0,0,0
61850,1,0,1,0,0,0,0
61875,1,0,1,0,0,0,0
61900,1,0,1,0,0,0,0
61925,1,0,1,0,0,0,0
61950,1,0,1,0,0,0,0
61975,1,0,1,0,0,0,0
62000,1,0,0,0,0,0,0
62025,1,0,0,0,0,0,0
62050,1,0,0,0,0,0,0
62075,1,0,0,0,0,0,0
62100,1,0,0,0,0,0,0
62125,1,0,0,0,0,0,0
62150,1,0,0,0,0,0,0
62175,1,0,0,0,0,0,0
62200,1,0,0,0,0,0,0
62225,1,0,0,0,0,0,0
62250,1,0,0,0,0,0,0
62275,1,0,0,0,0,0,0
62300,1,0,0,0,0,0,0
62325,1,0,0,0,0,0,0
62350,1,0,0,0,0,0,0
62375,1,0,0,0,0,0,0
62400,1,0,0,0,0,0,0
62425,1,0,0,0,0,0,0
62450,1,0,0,0,0,0,0
62475,1,0,0,0,0,0,0
62500,1,0,0,0,0,0,0
62525,1,0,0,0,0,0,0
62550,1,0,0,0,0,0,0
62575,1,0,0,0,0,0,0
62600,1,0,0,0,0,0,0
62625,1,0,0,0,0,0,0
62650,1,0,0,0,0,0,0
62675,1,0,0,0,0,0,0
62700,1,0,0,0,0,0,0
62725,1,0,0,0,0,0,0
62750,1,0,0,0,0,0,0
62775,1,0,0,0,0,0,0
62800,1,0,0,0,0,0,0
62825,0,0,1,0,0,0,0
62850,0,0,1,0,0,0,0
62875,0,0,1,0,0,0,0
62900,0,0,1,0,0,0,0
62925,0,0,1,0,0,0,0
62950,0,0,1,0,0,0,0
62975,0,0,1,0,0,0,0
63000,0,0,1,0,0,0,0
63025,0,0,1,0,0,0,0
63050,0,0,1,0,0,0,0
63075,0,0,1,0,0,0,0
63100,0,0,1,0,0,0,0
63125,0,0,1,0,0,0,0
63150,0,0,1,0,0,0,0
63175,0,0,1,0,0,0,0
63200,0,0,1,0,0,0,0
63225,0,0,1,0,0,0,0
63250,0,0,1,0,0,0,0
63275,0,0,1,0,0,0,0
63300,0,0,1,0,0,0,0
63325,0,0,1,0,0,0,0
63350,0,0,1,0,0,0,0
63375,0,0,1,0,0,0,0
63400,1,0,1,0,0,0,0
63425,1,0,1,0,0,0,0
63450,1,0,1,0,0,0,0
63475,1,0,1,0,0,0,0
63500,1,0,1,0,0,0,0
63525,1,0,1,0,0,0,0
63550,1,0,1,0,0,0,0
63575,1,0,1,0,0,0,0
63600,1,0,1,0,0,0,0
63625,1,0,1,0,0,0,0
63650,1,0,1,0,0,0,0
63675,1,0,1,0,0,0,0
63700,1,0,1,0,0,0,0
63725,1,0,1,0,0,0,0
63750,1,0,1,0,0,0,0
63775,1,0,1,0,0,0,0
63800,1,0,1,0,0,0,0
63825,1,0,1,0,0,0,0
63850,1,0,1,0,0,0,0
63875,1,0,1,0,0,0,0
63900,1,0,1,0,0,0,0
63925,1,0,1,0,0,0,0
63950,1,0,1,0,0,0,0
63975,1,0,1,0,0,0,0
64000,1,0,1,0,0,0,0
64025,1,0,1,0,0,0,0
64050,1,0,1,0,0,0,0
64075,1,0,1,0,0,0,0
64100,1,0,1,0,0,0,0
64125,1,0,1,0,0,0,0
64150,1,0,1,0,0,0,0
64175,1,0,1,0,0,0,0
64200,1,0,1,0,0,0,0
64225,1,0,1,0,0,0,0
64250,1,0,1,0,0,0,0
64275,1,0,1,0,0,0,0
64300,1,0,1,0,0,0,0
64325,0,0,1,0,0,0,0
64350,0,0,1,0,0,0,0
64375,0,0,1,0,0,0,0
64400,0,0,1,0,0,0,0
64425,0,0,1,0,0,0,0
64450,0,0,1,0,0,0,0
64475,0,0,1,0,0,0,0
64500,0,0,1,0,0,0,0
64525,0,0,1,0,0,0,0
64550,0,0,1,0,0,0,0
64575,0,0,1,0,0,0,0
64600,0,0,1,0,0,0,0
64625,0,0,1,0,0,0,0
64650,0,0,1,0,0,0,0
64675,0,0,1,0,0,0,0
64700,0,0,1,0,0,0,0
64725,0,0,1,0,0,0,0
64750,0,0,1,0,0,0,0
64775,0,0,1,0,0,0,0
64800,0,0,1,0,0,0,0
64825,0,0,1,0,0,0,0
64850,0,0,1,0,0,0,0
64875,0,0,1,0,0,0,0
64900,0,0,1,0,0,0,0
64925,0,0,1,0,0,0,0
64950,0,0,1,0,0,0,0
64975,0,0,1,0,0,0,0
65000,0,0,1,0,0,0,0
65025,0,0,1,0,0,0,0
65050,0,0,1,0,0,0,0
65075,0,0,1,0,0,0,0
65100,0,0,1,0,0,0,0
65125,0,0,1,0,0,0,0
65150,0,0,1,0,0,0,0
65175,0,0,1,0,0,0,0
65200,0,0,1,0,0,0,0
65225,0,0,1,0,0,0,0
65250,1,0,1,0,0,0,0
65275,1,0,1,0,0,0,0
65300,1,0,1,0,0,0,0
65325,1,0,1,0,0,0,0
65350,1,0,1,0,0,0,0
65375,1,0,1,0,0,0,0
65400,1,0,1,0,0,0,0
65425,1,0,1,0,0,0,0
65450,1,0,1,0,0,0,0
65475,1,0,1,0,0,0,0
65500,1,0,1,0,0,0,0
65525,1,0,1,0,0,0,0
65550,1,0,1,0,0,0,0
65575,1,0,1,0,0,0,0
65600,1,0,1,0,0,0,0
65625,1,0,1,0,0,0,0
65650,1,0,1,0,0,0,0
65675,1,0,1,0,0,0,0
65700,1,0,1,0,0,0,0
65725,1,0,1,0,0,0,0
65750,1,0,1,0,0,0,0
65775,1,0,1,0,0,0,0
65800,1,0,1,0,0,0,0
65825,1,0,1,0,0,0,0
65850,1,0,1,0,0,0,0
65875,1,0,1,0,0,0,0
65900,1,0,1,0,0,0,0
65925,1,0,1,0,0,0,0
65950,1,0,1,0,0,0,0
65975,1,0,1,0,0,0,0
66000,0,0,1,0,0,0,0
66025,0,0,1,0,0,0,0
66050,0,0,1,0,0,0,0
66075,0,0,1,0,0,0,0
66100,0,0,1,0,0,0,0
66125,0,0,1,0,0,0,0
66150,0,0,1,0,0,0,0
66175,0,0,1,0,0,0,0
66200,0,0,1,0,0,0,0
66225,0,0,1,0,0,0,0
66250,0,0,1,0,0,0,0
66275,0,0,1,0,0,0,0
66300,0,0,1,0,0,0,0
66325,0,0,1,0,0,0,0
66350,0,0,1,0,0,0,0
66375,0,0,1,0,0,0,0
66400,0,0,1,0,0,0,0
66425,0,0,1,0,0,0,0
66450,0,0,1,0,0,0,0
66475,0,0,1,0,0,0,0
66500,0,0,1,0,0,0,0
66525,0,0,1,0,0,0,0
66550,0,0,1,0,0,0,0
66575,0,0,1,0,0,0,0
66600,0,0,1,0,0,0,0
66625,0,0,1,0,0,0,0
66650,0,0,1,0,0,0,0
66675,0,0,1,0,0,0,0
66700,0,0,1,0,0,0,0
66725,0,0,1,0,0,0,0
66750,1,0,1,0,0,0,0
66775,1,0,1,0,0,0,0
66800,1,0,1,0,0,0,0
66825,1,0,1,0,0,0,0
66850,1,0,1,0,0,0,0
66875,1,0,1,0,0,0,0
66900,1,0,1,0,0,0,0
66925,1,0,1,0,0,0,0
66950,1,0,1,0,0,0,0
66975,1,0,1,0,0,0,0
67000,1,0,1,0,0,0,0
67025,1,0,1,0,0,0,0
67050,1,0,1,0,0,0,0
67075,1,0,1,0,0,0,0
67100,1,0,1,0,0,0,0
67125,1,0,1,0,0,0,0
67150,1,0,1,0,0,0,0
67175,1,0,1,0,0,0,0
67200,1,0,1,0,0,0,0
67225,1,0,1,0,0,0,0
67250,1,0,1,0,0,0,0
67275,1,0,1,0,0,0,0
67300,1,0,1,0,0,0,0
67325,1,0,1,0,0,0,0
67350,1,0,1,0,0,0,0
67375,1,0,1,0,0,0,0
67400,1,0,1,0,0,0,0
67425,1,0,1,0,0,0,0
67450,1,0,1,0,0,0,0
67475,1,0,1,0,0,0,0
67500,1,0,1,0,0,0,0
67525,1,0,1,0,0,0,0
67550,1,0,1,0,0,0,0
67575,0,0,1,0,0,0,0
67600,0,0,1,0,0,0,0
67625,0,0,1,0,0,0,0
67650,0,0,1,0,0,0,0
67675,0,0,1,0,0,0,0
67700,0,0,1,0,0,0,0
67725,0,0,1,0,0,0,0
67750,0,0,1,0,0,0,0
67775,0,0,1,0,0,0,0
67800,0,0,1,0,0,0,0
67825,0,0,1,0,0,0,0
67850,0,0,1,0,0,0,0
67875,0,0,1,0,0,0,0
67900,0,0,1,0,0,0,0
67925,0,0,1,0,0,0,0
67950,0,0,1,0,0,0,0
67975,0,0,1,0,0,0,0
68000,0,0,1,0,0,0,0
68025,0,0,1,0,0,0,0
68050,0,0,1,0,0,0,0
68075,0,0,1,0,0,0,0
68100,0,0,1,0,0,0,0
68125,0,0,1,0,0,0,0
68150,0,0,1,0,0,0,0
68175,0,0,1,0,0,0,0
68200,0,0,1,0,0,0,0
68225,0,0,1,0,0,0,0
68250,0,0,1,0,0,0,0
68275,0,0,1,0,0,0,0
68300,0,0,0,0,0,0,0
68325,0,0,0,0,0,0,0
68350,0,0,0,0,0,0,0
68375,0,0,0,0,0,0,0
68400,0,0,0,0,0,0,0
68425,0,0,0,0,0,0,0
68450,0,0,0,0,0,0,0
68475,0,0,0,0,0,0,0
68500,0,0,0,0,0,0,0
68525,0,0,0,0,0,0,0
68550,0,0,0,0,0,0,0
68575,0,0,0,0,0,0,0
68600,0,0,0,0,0,0,0
68625,0,0,0,0,0,0,0
68650,0,0,0,0,0,0,0
68675,0,0,0,0,0,0,0
68700,0,0,0,0,0,0,0
68725,0,0,0,0,0,0,0
68750,0,0,0,0,0,0,0
68775,0,0,0,0,0,0,0
68800,0,0,0,0,0,0,0
68825,0,0,0,0,0,0,0
68850,0,0,0,0,0,0,0
68875,0,0,0,0,0,0,0
68900,0,0,1,0,0,0,0
68925,0,0,1,0,0,0,0
68950,0,0,1,0,0,0,0
68975,0,0,1,0,0,0,0
69000,0,0,1,0,0,0,0
69025,0,0,1,0,0,0,0
69050,0,0,1,0,0,0,0
69075,0,0,1,0,0,0,0
69100,0,0,1,0,0,0,0
69125,0,0,1,0,0,0,0
69150,0,0,1,0,0,0,0
69175,0,0,1,0,0,0,0
69200,0,0,1,0,0,0,0
69225,0,0,1,0,0,0,0
69250,0,0,1,0,0,0,0
69275,0,0,1,0,0,0,0
69300,0,0,1,0,0,0,0
69325,0,0,1,0,0,0,0
69350,0,0,1,0,0,0,0
69375,0,0,1,0,0,0,0
69400,0,0,1,0,0,0,0
69425,0,0,1,0,0,0,0
69450,0,0,1,0,0,0,0
69475,0,0,1,0,0,0,0
69500,0,0,1,0,0,0,0
69525,0,0,1,0,0,0,0
69550,0,0,1,0,0,0,0
69575,0,0,1,0,0,0,0
69600,0,0,1,0,0,0,0
69625,0,0,1,0,0,0,0
69650,0,0,1,0,0,0,0
69675,0,0,1,0,0,0,0
69700,0,0,1,0,0,0,0
69725,0,0,1,0,0,0,0
69750,0,0,1,0,0,0,0
69775,0,0,1,0,0,0,0
69800,0,0,1,0,0,0,0
69825,0,0,1,0,0,0,0
69850,0,0,1,0,0,0,0
69875,0,0,1,0,0,0,0
69900,0,0,1,0,0,0,0
69925,0,0,1,0,0,0,0
69950,0,0,1,0,0,0,0
69975,0,0,0,0,0,0,0
70000,0,0,0,0,0,0,0
70025,0,0,0,0,0,0,0
70050,0,0,0,0,0,0,0
70075,0,0,0,0,0,0,0
70100,0,0,0,0,0,0,0
70125,0,0,0,0,0,0,0
70150,0,0,0,0,0,0,0
70175,0,0,0,0,0,0,0
70200,0,0,0,0,0,0,0
70225,0,0,0,0,0,0,0
70250,0,0,0,0,0,0,0
70275,0,0,0,0,0,0,0
70300,0,0,0,0,0,0,0
70325,1,0,0,0,0,0,1
70350,1,0,0,0,0,0,1
70375,1,0,0,0,0,0,1
70400,1,0,0,0,0,0,1
70425,1,0,0,0,0,0,1
70450,1,0,0,0,0,0,1
70475,1,0,0,0,0,0,1
70500,1,0,0,0,0,0,1
70525,1,0,0,0,0,0,1
70550,1,0,0,0,0,0,1
70575,1,0,0,0,0,0,1
70600,1,0,0,0,0,0,1
70625,1,0,0,0,0,0,1
70650,1,0,0,0,0,0,1
70675,1,0,0,0,0,0,1
70700,1,0,0,0,0,0,1
70725,1,0,0,0,0,0,1
70750,1,0,0,0,0,0,1
70775,1,0,0,0,0,0,1
70800,1,0,0,0,0,0,1
70825,1,0,0,0,0,0,1
70850,1,0,0,0,0,0,1
70875,1,0,0,0,0,0,1
70900,1,0,0,0,0,0,1
70925,1,0,0,0,0,0,1
70950,1,0,0,0,0,0,1
70975,1,0,0,0,0,0,1
71000,1,0,0,0,0,0,1
71025,1,0,0,0,0,0,1
71050,1,0,0,0,0,0,1
71075,1,0,0,0,0,0,1
71100,1,0,0,0,0,0,1
71125,1,0,0,0,0,0,1
71150,1,0,0,0,0,0,1
71175,1,0,0,0,0,0,1
71200,1,0,0,0,0,0,1
71225,1,0,0,0,0,0,1
71250,1,0,0,0,0,0,1
71275,1,0,0,0,0,0,1
71300,1,0,0,0,0,0,1
71325,1,0,0,0,0,0,1
71350,1,0,0,0,0,0,1
71375,1,0,0,0,0,0,1
71400,1,0,0,0,0,0,1
71425,1,0,0,0,0,0,1
71450,1,0,0,0,0,0,1
71475,1,0,0,0,0,0,1
71500,1,0,0,0,0,0,1
71525,1,0,0,0,0,0,1
71550,1,0,0,0,0,0,1
71575,1,0,0,0,0,0,1
71600,1,0,0,0,0,0,1
71625,1,0,0,0,0,0,1
71650,1,0,0,0,0,0,1
71675,1,0,0,0,0,0,1
71700,1,0,0,0,0,0,1
71725,1,0,0,0,0,0,1
71750,1,0,0,0,0,0,1
71775,1,0,0,0,0,0,1
71800,1,0,0,0,0,0,1
71825,1,0,0,0,0,0,1
71850,1,0,0,0,0,0,1
71875,1,0,0,0,0,0,1
71900,1,0,0,0,0,0,1
71925,1,0,0,0,0,0,1
71950,1,0,0,0,0,0,1
71975,1,0,0,0,0,0,1
72000,1,0,0,0,0,0,1
72025,1,0,0,0,0,0,1
72050,1,0,0,0,0,0,1
72075,1,0,0,0,0,0,1
72100,1,0,0,0,0,0,1
72125,1,0,0,0,0,0,1
72150,1,0,0,0,0,0,1
72175,1,0,0,0,0,0,1
72200,1,0,0,0,0,0,1
72225,1,0,0,0,0,0,1
72250,1,0,0,0,0,0,1
72275,1,0,0,0,0,0,1
72300,1,0,0,0,0,0,1
72325,1,0,0,0,0,0,1
72350,1,0,0,0,0,0,1
72375,1,0,0,0,0,0,1
72400,1,0,0,0,0,0,1
72425,1,0,0,0,0,0,1
72450,1,0,0,0,0,0,1
72475,1,0,0,0,0,0,1
72500,1,0,0,0,0,0,1
72525,1,0,0,0,0,0,1
72550,1,0,0,0,0,0,1
72575,1,0,0,0,0,0,1
72600,1,0,0,0,0,0,1
72625,1,0,0,0,0,0,1
72650,1,0,0,0,0,0,1
72675,1,0,0,0,0,0,1
72700,1,0,0,0,0,0,1
72725,1,0,0,0,0,0,1
72750,1,0,0,0,0,0,1
72775,1,0,0,0,0,0,1
72800,1,0,0,0,0,0,1
72825,1,0,0,0,0,0,1
72850,1,0,0,0,0,0,1
72875,1,0,0,0,0,0,1
72900,1,0,0,0,0,0,1
72925,1,0,0,0,0,0,1
72950,1,0,0,0,0,0,1
72975,1,0,0,0,0,0,1
73000,1,0,0,0,0,0,1
73025,1,0,0,0,0,0,1
73050,1,0,0,0,0,0,1
73075,1,0,0,0,0,0,1
73100,1,0,0,0,0,0,1
73125,1,0,0,0,0,0,1
73150,1,0,0,0,0,0,1
73175,1,0,0,0,0,0,1
73200,1,0,0,0,0,0,1
73225,1,0,0,0,0,0,1
73250,1,0,0,0,0,0,1
73275,1,0,0,0,0,0,1
73300,1,0,0,0,0,0,1
73325,1,0,0,0,0,0,1
73350,1,0,0,0,0,0,1
73375,1,0,0,0,0,0,1
73400,1,0,0,0,0,0,1
73425,1,0,0,0,0,0,1
73450,1,0,0,0,0,0,1
73475,1,0,0,0,0,0,1
73500,1,0,0,0,0,0,1
73525,1,0,0,0,0,0,1
73550,1,0,0,0,0,0,1
73575,1,0,0,0,0,0,1
73600,1,0,0,0,0,0,1
73625,1,0,0,0,0,0,1
73650,1,0,0,0,0,0,1
73675,1,0,0,0,0,0,1
73700,1,0,0,0,0,0,1
73725,1,0,0,0,0,0,1
73750,1,0,0,0,0,0,1
73775,1,0,0,0,0,0,1
73800,1,0,0,0,0,0,1
73825,1,0,0,0,0,0,1
73850,1,0,0,0,0,0,1
73875,1,0,0,0,0,0,1
73900,1,0,0,0,0,0,1
73925,1,0,0,0,0,0,1
73950,1,0,0,0,0,0,1
73975,1,0,0,0,0,0,1
74000,1,0,0,0,0,0,1
74025,1,0,0,0,0,0,1
74050,1,0,0,0,0,0,1
74075,1,0,0,0,0,0,1
74100,1,0,0,0,0,0,1
74125,1,0,0,0,0,0,1
74150,1,0,0,0,0,0,1
74175,1,0,0,0,0,0,1
74200,1,0,0,0,0,0,1
74225,1,0,0,0,0,0,1
74250,1,0,0,0,0,0,1
74275,1,0,0,0,0,0,1
74300,1,0,0,0,0,0,1
74325,1,0,0,0,0,0,1
74350,1,0,0,0,0,0,1
74375,1,0,0,0,0,0,1
74400,1,0,0,0,0,0,1
74425,1,0,0,0,0,0,1
74450,1,0,0,0,0,0,1
74475,1,0,0,0,0,0,1
74500,1,0,0,0,0,0,1
74525,1,0,0,0,0,0,1
74550,1,0,0,0,0,0,1
74575,1,0,0,0,0,0,1
74600,1,0,0,0,0,0,1
74625,1,0,0,0,0,0,1
74650,1,0,0,0,0,0,1
74675,0,1,0,0,0,1,1
74700,0,1,0,0,0,1,1
74725,0,1,0,0,0,1,1
74750,0,1,0,0,0,1,1
74775,0,1,0,0,0,1,1
74800,0,1,0,0,0,1,1
74825,0,1,0,0,0,1,1
74850,0,1,0,0,0,1,1
74875,0,1,0,0,0,1,1
74900,0,1,0,0,0,1,1
74925,0,1,0,0,0,1,1
74950,0,1,0,0,0,1,1
74975,0,1,0,0,0,1,1
75000,0,1,0,0,0,1,1
75025,0,1,0,0,0,1,1
75050,0,1,0,0,0,1,1
75075,0,1,0,0,0,1,1
75100,0,1,0,0,0,1,1
75125,0,1,0,0,0,1,1
75150,1,1,0,0,0,0,0
75175,1,1,0,0,0,0,0
75200,1,1,0,0,0,0,0
75225,1,1,0,0,0,0,0
75250,1,1,0,0,0,0,0
75275,1,1,0,0,0,0,0
75300,1,1,0,0,0,0,0
75325,1,1,0,0,0,0,0
75350,1,1,0,0,0,0,0
75375,1,1,0,0,0,0,0
75400,1,1,0,0,0,0,0
75425,1,1,0,0,0,0,0
75450,1,1,0,0,0,0,0
75475,1,1,0,0,0,0,0
75500,1,1,0,0,0,0,0
75525,1,1,0,0,0,0,0
75550,1,1,0,0,0,0,0
75575,1,1,0,0,0,0,0
75600,1,1,0,0,0,0,0
75625,1,1,0,0,0,0,0
75650,1,1,0,0,0,0,0
75675,1,1,0,0,0,0,0
75700,1,1,0,0,0,0,0
75725,1,1,0,0,0,0,0
75750,1,1,0,0,0,0,0
75775,1,1,0,0,0,0,0
75800,1,1,0,0,0,0,0
75825,1,1,0,0,0,0,0
75850,1,1,0,0,0,0,0
75875,1,1,0,0,0,0,0
75900,1,1,0,0,0,0,0
75925,1,1,0,0,0,0,0
75950,1,1,0,0,0,0,0
75975,1,1,0,0,0,0,0
76000,1,1,0,0,0,0,0
76025,1,1,0,0,0,0,0
76050,1,1,0,0,0,0,0
76075,1,1,0,0,0,0,0
76100,1,1,0,0,0,0,0
76125,1,1,0,0,0,0,0
76150,1,1,0,0,0,0,0
76175,1,1,0,0,0,0,0
76200,1,1,0,0,0,0,0
76225,1,1,0,0,0,0,0
76250,1,1,0,0,0,0,0
76275,1,1,0,0,0,0,0
76300,1,1,0,0,0,0,0
76325,1,1,0,0,0,0,0
76350,1,1,0,0,0,0,0
76375,1,1,0,0,0,0,0
76400,1,1,0,0,0,0,0
76425,1,1,0,0,0,0,0
76450,1,1,0,0,0,0,0
76475,1,1,0,0,0,0,0
76500,1,1,0,0,0,0,0
76525,1,1,0,0,0,0,0
76550,1,1,0,0,0,0,0
76575,1,1,0,0,0,0,0
76600,1,1,0,0,0,0,0
76625,1,1,0,0,0,0,0
76650,1,1,0,0,0,0,0
76675,1,1,0,0,0,0,0
76700,1,1,0,0,0,0,0
76725,1,1,0,0,0,0,0
76750,1,1,0,0,0,0,0
76775,1,1,0,0,0,0,0
76800,1,1,0,0,0,0,0
76825,1,1,0,0,0,0,0
76850,1,1,0,0,0,0,0
76875,1,1,0,0,0,0,0
76900,0,1,0,0,0,1,0
76925,0,1,0,0,0,1,0
76950,0,1,0,0,0,1,0
76975,0,1,0,0,0,1,0
77000,0,1,0,0,0,1,0
77025,0,1,0,0,0,1,0
77050,0,1,0,0,0,1,0
77075,0,1,0,0,0,1,0
77100,0,1,0,0,0,1,0
77125,0,1,0,0,0,1,0
77150,0,1,0,0,0,1,0
77175,0,1,0,0,0,1,0
77200,0,1,0,0,0,1,0
77225,0,1,0,0,0,1,0
77250,0,1,0,0,0,1,0
77275,0,1,0,0,0,1,0
77300,0,1,0,0,0,1,0
77325,0,1,0,0,0,1,0
77350,0,1,0,0,0,1,0
77375,0,1,0,0,0,1,0
77400,0,1,0,0,0,1,0
77425,0,1,0,0,0,1,0
77450,0,1,0,0,0,1,0
77475,0,0,0,0,0,0,1
77500,0,0,0,0,0,0,1
77525,0,0,0,0,0,0,1
77550,0,0,0,0,0,0,1
77575,0,0,0,0,0,0,1
77600,0,0,0,0,0,0,1
77625,0,0,0,0,0,0,1
77650,0,0,0,0,0,0,1
77675,0,0,0,0,0,0,1
77700,0,0,0,0,0,0,1
77725,0,0,0,0,0,0,1
77750,0,0,0,0,0,0,1
77775,0,0,0,0,0,0,1
77800,0,0,0,0,0,0,1
77825,0,0,0,0,0,0,1
77850,0,0,0,0,0,0,1
77875,0,0,0,0,0,0,1
77900,0,0,0,0,0,1,0
77925,0,0,0,0,0,1,0
77950,0,0,0,0,0,1,0
77975,0,0,0,0,0,1,0
78000,0,0,0,0,0,1,0
78025,0,0,0,0,0,1,0
78050,0,0,0,0,0,1,0
78075,0,0,0,0,0,1,0
78100,0,0,0,0,0,1,0
78125,0,0,0,0,0,1,0
78150,0,0,0,0,0,1,0
78175,0,0,0,0,0,1,0
78200,0,0,0,0,0,1,0
78225,0,0,0,0,0,1,0
78250,0,0,0,0,0,1,0
78275,0,0,0,0,0,1,0
78300,0,0,0,0,0,1,0
78325,0,0,0,0,0,1,0
78350,0,0,0,0,0,1,0
78375,0,0,0,0,0,1,0
78400,0,0,0,0,0,1,0
78425,1,0,0,0,0,0,1
78450,1,0,0,0,0,0,1
78475,1,0,0,0,0,0,1
78500,1,0,0,0,0,0,1
78525,1,0,0,0,0,0,1
78550,1,0,0,0,0,0,1
78575,1,0,0,0,0,0,1
78600,1,0,0,0,0,0,1
78625,1,0,0,0,0,0,1
78650,1,0,0,0,0,0,1
78675,1,0,0,0,0,0,1
78700,1,0,0,0,0,0,1
78725,1,0,0,0,0,0,1
78750,1,0,0,0,0,0,1
78775,1,0,0,0,0,0,1
78800,1,0,0,0,0,0,1
78825,1,0,0,0,0,0,1
78850,1,0,0,0,0,0,1
78875,1,0,0,0,0,0,1
78900,1,0,0,0,0,0,1
78925,1,0,0,0,0,0,1
78950,1,0,0,0,0,0,1
78975,1,0,0,0,0,0,1
79000,1,0,0,0,0,0,1
79025,1,0,0,0,0,0,1
79050,1,0,0,0,0,0,1
79075,1,0,0,0,0,0,1
79100,1,0,0,0,0,0,1
79125,1,0,0,0,0,0,1
79150,1,0,0,0,0,0,1
79175,1,0,0,0,0,0,1
79200,1,0,0,0,0,0,1
79225,1,0,0,0,0,0,1
79250,1,0,0,0,0,0,1
79275,1,0,0,0,0,0,1
79300,1,0,0,0,0,0,1
79325,1,0,0,0,0,0,1
79350,1,0,0,0,0,0,1
79375,1,0,0,0,0,0,1
79400,1,0,0,0,0,0,1
79425,1,0,0,0,0,0,1
79450,1,0,0,0,0,0,1
79475,1,0,0,0,0,0,1
79500,1,0,0,0,0,0,1
79525,1,0,0,0,0,0,1
79550,1,0,0,0,0,0,1
79575,1,0,0,0,0,0,1
79600,1,0,0,0,0,0,1
79625,1,0,0,0,0,0,1
79650,1,0,0,0,0,0,1
79675,1,0,0,0,0,0,1
79700,1,0,0,0,0,0,1
79725,1,0,0,0,0,0,1
79750,1,0,0,0,0,0,1
79775,1,0,0,0,0,0,1
79800,1,0,0,0,0,0,1
79825,1,0,0,0,0,0,1
79850,1,0,0,0,0,0,1
79875,1,0,0,0,0,0,1
79900,1,0,0,0,0,0,1
79925,1,0,0,0,0,0,1
79950,1,0,0,0,0,0,1
79975,1,0,0,0,0,0,1
80000,1,0,0,0,0,0,1
80025,1,0,0,0,0,0,1
80050,1,0,0,0,0,0,1
80075,1,0,0,0,0,0,1
80100,1,0,0,0,0,0,1
80125,1,0,0,0,0,0,1
80150,1,0,0,0,0,0,1
80175,1,0,0,0,0,0,1
80200,1,0,0,0,0,0,1
80225,1,0,0,0,0,0,1
80250,1,0,0,0,0,0,1
80275,1,0,0,0,0,0,1
80300,1,0,0,0,0,0,1
80325,1,0,0,0,0,0,1
80350,1,0,0,0,0,0,1
80375,1,0,0,0,0,0,1
80400,1,0,0,0,0,0,1
80425,0,0,0,0,0,0,0
80450,0,0,0,0,0,0,0
80475,0,0,0,0,0,0,0
80500,0,0,0,0,0,0,0
80525,0,0,0,0,0,0,0
80550,0,0,0,0,0,0,0
80575,0,0,0,0,0,0,0
80600,0,0,0,0,0,0,0
80625,0,0,0,0,0,0,0
80650,0,0,0,0,0,0,0
80675,0,0,0,0,0,0,0
80700,0,0,0,0,0,0,0
80725,0,0,0,0,0,0,0
80750,0,0,0,0,0,0,0
80775,0,0,0,0,0,0,0
80800,0,0,0,0,0,0,0
80825,0,0,0,0,0,0,0
80850,0,0,0,0,0,0,0
80875,0,0,0,0,0,0,0
80900,0,0,0,0,0,0,0
80925,0,0,0,0,0,0,0
80950,0,0,0,0,0,0,0
