Frame,Phase
0,0
25,0
50,0
75,0
100,0
125,0
150,0
175,0
200,0
225,0
250,0
275,0
300,0
325,0
350,0
375,0
400,0
425,0
450,0
475,0
500,0
525,0
550,0
575,0
600,0
625,0
650,0
675,0
700,0
725,0
750,0
775,0
800,0
825,0
850,0
875,0
900,0
925,0
950,0
975,0
1000,0
1025,0
1050,0
1075,0
1100,0
1125,0
1150,0
1175,0
1200,0
1225,0
1250,0
1275,0
1300,0
1325,0
1350,0
1375,0
1400,0
1425,0
1450,0
1475,0
1500,0
1525,0
1550,0
1575,0
1600,0
1625,0
1650,0
1675,0
1700,0
1725,0
1750,0
1775,0
1800,0
1825,0
1850,0
1875,0
1900,0
1925,0
1950,0
1975,0
2000,0
2025,0
2050,0
2075,0
2100,0
2125,0
2150,0
2175,0
2200,0
2225,0
2250,0
2275,0
2300,0
2325,0
2350,0
2375,0
2400,0
2425,0
2450,0
2475,0
2500,0
2525,0
2550,0
2575,0
2600,0
2625,0
2650,0
2675,0
2700,0
2725,0
2750,0
2775,0
2800,0
2825,0
2850,0
2875,0
2900,0
2925,0
2950,0
2975,0
3000,0
3025,0
3050,0
3075,0
3100,0
3125,0
3150,0
3175,0
3200,0
3225,0
3250,0
3275,0
3300,0
3325,0
3350,0
3375,0
3400,0
3425,0
3450,0
3475,0
3500,0
3525,0
3550,0
3575,0
3600,0
3625,0
3650,0
3675,1
3700,1
3725,1
3750,1
3775,1
3800,1
3825,1
3850,1
3875,1
3900,1
3925,1
3950,1
3975,1
4000,1
4025,1
4050,1
4075,1
4100,1
4125,1
4150,1
4175,1
4200,1
4225,1
4250,1
4275,1
4300,1
4325,1
4350,1
4375,1
4400,1
4425,1
4450,1
4475,1
4500,1
4525,1
4550,1
4575,1
4600,1
4625,1
4650,1
4675,1
4700,1
4725,1
4750,1
4775,1
4800,1
4825,1
4850,1
4875,1
4900,1
4925,1
4950,1
4975,1
5000,1
5025,1
5050,1
5075,1
5100,1
5125,1
5150,1
5175,1
5200,1
5225,1
5250,1
5275,1
5300,1
5325,1
5350,1
5375,1
5400,1
5425,1
5450,1
5475,1
5500,1
5525,1
5550,1
5575,1
5600,1
5625,1
5650,1
5675,1
5700,1
5725,1
5750,1
5775,1
5800,1
5825,1
5850,1
5875,1
5900,1
5925,1
5950,1
5975,1
6000,1
6025,1
6050,1
6075,1
6100,1
6125,1
6150,1
6175,1
6200,1
6225,1
6250,1
6275,1
6300,1
6325,1
6350,1
6375,1
6400,1
6425,1
6450,1
6475,1
6500,1
6525,1
6550,1
6575,1
6600,1
6625,1
6650,1
6675,1
6700,1
6725,1
6750,1
6775,1
6800,1
6825,1
6850,1
6875,1
6900,1
6925,1
6950,1
6975,1
7000,1
7025,1
7050,1
7075,1
7100,1
7125,1
7150,1
7175,1
7200,1
7225,1
7250,1
7275,1
7300,1
7325,1
7350,1
7375,1
7400,1
7425,1
7450,1
7475,1
7500,1
7525,1
7550,1
7575,1
7600,1
7625,1
7650,1
7675,1
7700,1
7725,1
7750,1
7775,1
7800,1
7825,1
7850,1
7875,1
7900,1
7925,1
7950,1
7975,1
8000,1
8025,1
8050,1
8075,1
8100,1
8125,1
8150,1
8175,1
8200,1
8225,1
8250,1
8275,1
8300,1
8325,1
8350,1
8375,1
8400,1
8425,1
8450,1
8475,1
8500,1
8525,1
8550,1
8575,1
8600,1
8625,1
8650,1
8675,1
8700,1
8725,1
8750,1
8775,1
8800,1
8825,1
8850,1
8875,1
8900,1
8925,1
8950,1
8975,1
9000,1
9025,1
9050,1
9075,1
9100,1
9125,1
9150,1
9175,1
9200,1
9225,1
9250,1
9275,1
9300,1
9325,1
9350,1
9375,1
9400,1
9425,1
9450,1
9475,1
9500,1
9525,1
9550,1
9575,1
9600,1
9625,1
9650,1
9675,1
9700,1
9725,1
9750,1
9775,1
9800,1
9825,1
9850,1
9875,1
9900,1
9925,1
9950,1
9975,1
10000,1
10025,1
10050,1
10075,1
10100,1
10125,1
10150,1
10175,1
10200,1
10225,1
10250,1
10275,1
10300,1
10325,1
10350,1
10375,1
10400,1
10425,1
10450,1
10475,1
10500,1
10525,1
10550,1
10575,1
10600,1
10625,1
10650,1
10675,1
10700,1
10725,1
10750,1
10775,1
10800,1
10825,1
10850,1
10875,1
10900,1
10925,1
10950,1
10975,1
11000,1
11025,1
11050,1
11075,1
11100,1
11125,1
11150,1
11175,1
11200,1
11225,1
11250,1
11275,1
11300,1
11325,1
11350,1
11375,1
11400,1
11425,1
11450,1
11475,1
11500,1
11525,1
11550,1
11575,1
11600,1
11625,1
11650,1
11675,1
11700,1
11725,1
11750,1
11775,1
11800,1
11825,1
11850,1
11875,1
11900,1
11925,1
11950,1
11975,1
12000,1
12025,1
12050,1
12075,1
12100,1
12125,1
12150,1
12175,1
12200,1
12225,1
12250,1
12275,1
12300,1
12325,1
12350,1
12375,1
12400,1
12425,1
12450,1
12475,1
12500,1
12525,1
12550,1
12575,1
12600,1
12625,1
12650,1
12675,1
12700,1
12725,1
12750,1
12775,1
12800,1
12825,1
12850,1
12875,1
12900,1
12925,1
12950,1
12975,1
13000,1
13025,1
13050,1
13075,1
13100,1
13125,1
13150,1
13175,1
13200,1
13225,1
13250,1
13275,1
13300,1
13325,1
13350,1
13375,1
13400,1
13425,1
13450,1
13475,1
13500,1
13525,1
13550,1
13575,1
13600,1
13625,1
13650,1
13675,1
13700,1
13725,1
13750,1
13775,1
13800,1
13825,1
13850,1
13875,1
13900,1
13925,1
13950,1
13975,1
14000,1
14025,1
14050,1
14075,1
14100,1
14125,1
14150,1
14175,1
14200,1
14225,1
14250,1
14275,1
14300,1
14325,1
14350,1
14375,1
14400,1
14425,1
14450,1
14475,1
14500,1
14525,1
14550,1
14575,1
14600,1
14625,1
14650,1
14675,1
14700,1
14725,1
14750,1
14775,1
14800,1
14825,1
14850,1
14875,1
14900,1
14925,1
14950,1
14975,1
15000,1
15025,1
15050,1
15075,1
15100,1
15125,1
15150,1
15175,1
15200,1
15225,1
15250,1
15275,1
15300,1
15325,1
15350,1
15375,1
15400,1
15425,1
15450,1
15475,1
15500,1
15525,1
15550,1
15575,1
15600,1
15625,1
15650,1
15675,1
15700,1
15725,1
15750,1
15775,1
15800,1
15825,1
15850,1
15875,1
15900,1
15925,1
15950,1
15975,1
16000,1
16025,1
16050,1
16075,1
16100,1
16125,1
16150,1
16175,1
16200,1
16225,1
16250,1
16275,1
16300,1
16325,1
16350,1
16375,1
16400,1
16425,1
16450,1
16475,1
16500,1
16525,1
16550,1
16575,1
16600,1
16625,1
16650,1
16675,1
16700,1
16725,1
16750,1
16775,1
16800,1
16825,1
16850,1
16875,1
16900,1
16925,1
16950,1
16975,1
17000,1
17025,1
17050,1
17075,1
17100,1
17125,1
17150,1
17175,1
17200,1
17225,1
17250,1
17275,1
17300,1
17325,1
17350,1
17375,1
17400,1
17425,1
17450,1
17475,1
17500,1
17525,1
17550,1
17575,1
17600,1
17625,1
17650,1
17675,1
17700,1
17725,1
17750,1
17775,1
17800,1
17825,1
17850,1
17875,1
17900,1
17925,1
17950,1
17975,1
18000,1
18025,1
18050,1
18075,1
18100,1
18125,1
18150,1
18175,1
18200,1
18225,1
18250,1
18275,1
18300,1
18325,1
18350,1
18375,1
18400,1
18425,1
18450,1
18475,1
18500,1
18525,1
18550,1
18575,1
18600,1
18625,1
18650,1
18675,1
18700,1
18725,1
18750,1
18775,1
18800,1
18825,1
18850,1
18875,1
18900,1
18925,1
18950,1
18975,1
19000,1
19025,1
19050,1
19075,1
19100,1
19125,1
19150,1
19175,1
19200,1
19225,1
19250,1
19275,1
19300,1
19325,1
19350,1
19375,1
19400,1
19425,1
19450,1
19475,1
19500,1
19525,1
19550,1
19575,1
19600,1
19625,1
19650,1
19675,1
19700,1
19725,1
19750,1
19775,1
19800,1
19825,1
19850,1
19875,1
19900,1
19925,1
19950,1
19975,1
20000,1
20025,1
20050,1
20075,1
20100,1
20125,1
20150,1
20175,1
20200,1
20225,1
20250,1
20275,1
20300,1
20325,1
20350,1
20375,1
20400,1
20425,1
20450,1
20475,1
20500,1
20525,1
20550,1
20575,1
20600,1
20625,1
20650,1
20675,1
20700,1
20725,1
20750,1
20775,1
20800,1
20825,1
20850,1
20875,1
20900,1
20925,1
20950,1
20975,1
21000,1
21025,1
21050,1
21075,1
21100,1
21125,1
21150,1
21175,1
21200,1
21225,1
21250,1
21275,1
21300,1
21325,1
21350,1
21375,1
21400,1
21425,1
21450,1
21475,1
21500,1
21525,1
21550,1
21575,1
21600,1
21625,1
21650,1
21675,1
21700,1
21725,1
21750,1
21775,1
21800,1
21825,1
21850,1
21875,1
21900,1
21925,1
21950,1
21975,1
22000,1
22025,1
22050,1
22075,1
22100,1
22125,1
22150,1
22175,1
22200,1
22225,1
22250,1
22275,1
22300,1
22325,1
22350,1
22375,1
22400,1
22425,1
22450,1
22475,1
22500,1
22525,1
22550,1
22575,1
22600,1
22625,1
22650,1
22675,1
22700,1
22725,1
22750,1
22775,1
22800,1
22825,1
22850,1
22875,1
22900,1
22925,1
22950,1
22975,1
23000,1
23025,1
23050,1
23075,1
23100,1
23125,1
23150,1
23175,1
23200,1
23225,1
23250,1
23275,1
23300,1
23325,1
23350,1
23375,1
23400,1
23425,1
23450,1
23475,1
23500,1
23525,1
23550,1
23575,1
23600,1
23625,1
23650,1
23675,1
23700,1
23725,1
23750,1
23775,1
23800,1
23825,1
23850,1
23875,1
23900,1
23925,1
23950,1
23975,1
24000,1
24025,1
24050,1
24075,1
24100,1
24125,1
24150,1
24175,1
24200,1
24225,1
24250,1
24275,1
24300,1
24325,1
24350,1
24375,1
24400,1
24425,1
24450,1
24475,1
24500,1
24525,1
24550,1
24575,1
24600,1
24625,1
24650,1
24675,1
24700,1
24725,1
24750,1
24775,1
24800,1
24825,1
24850,1
24875,1
24900,1
24925,1
24950,1
24975,1
25000,1
25025,1
25050,1
25075,1
25100,1
25125,1
25150,1
25175,1
25200,1
25225,1
25250,1
25275,1
25300,1
25325,1
25350,1
25375,1
25400,1
25425,1
25450,1
25475,1
25500,1
25525,1
25550,1
25575,1
25600,1
25625,1
25650,1
25675,1
25700,1
25725,1
25750,1
25775,1
25800,1
25825,1
25850,1
25875,1
25900,1
25925,1
25950,1
25975,1
26000,1
26025,1
26050,1
26075,1
26100,1
26125,1
26150,1
26175,1
26200,1
26225,1
26250,1
26275,1
26300,1
26325,1
26350,1
26375,1
26400,1
26425,1
26450,1
26475,1
26500,1
26525,1
26550,1
26575,1
26600,1
26625,1
26650,1
26675,1
26700,1
26725,1
26750,1
26775,1
26800,1
26825,1
26850,1
26875,1
26900,1
26925,1
26950,1
26975,1
27000,1
27025,1
27050,1
27075,1
27100,1
27125,1
27150,1
27175,1
27200,1
27225,1
27250,1
27275,1
27300,1
27325,1
27350,1
27375,1
27400,1
27425,1
27450,1
27475,1
27500,1
27525,1
27550,1
27575,1
27600,1
27625,1
27650,1
27675,1
27700,1
27725,1
27750,1
27775,1
27800,1
27825,1
27850,1
27875,1
27900,1
27925,1
27950,1
27975,1
28000,1
28025,1
28050,1
28075,1
28100,1
28125,1
28150,1
28175,1
28200,1
28225,1
28250,1
28275,1
28300,1
28325,1
28350,1
28375,1
28400,1
28425,1
28450,1
28475,1
28500,1
28525,1
28550,1
28575,1
28600,1
28625,1
28650,1
28675,1
28700,1
28725,1
28750,1
28775,1
28800,1
28825,1
28850,1
28875,1
28900,1
28925,1
28950,1
28975,1
29000,1
29025,1
29050,1
29075,1
29100,1
29125,1
29150,1
29175,1
29200,1
29225,1
29250,1
29275,1
29300,1
29325,1
29350,1
29375,1
29400,1
29425,1
29450,1
29475,1
29500,1
29525,1
29550,1
29575,1
29600,1
29625,1
29650,1
29675,1
29700,1
29725,1
29750,1
29775,1
29800,1
29825,1
29850,1
29875,1
29900,1
29925,1
29950,1
29975,1
30000,1
30025,1
30050,1
30075,1
30100,1
30125,1
30150,1
30175,1
30200,1
30225,1
30250,1
30275,1
30300,1
30325,1
30350,1
30375,1
30400,1
30425,1
30450,1
30475,1
30500,1
30525,1
30550,1
30575,1
30600,1
30625,1
30650,1
30675,1
30700,1
30725,1
30750,1
30775,1
30800,1
30825,1
30850,1
30875,1
30900,1
30925,1
30950,1
30975,1
31000,1
31025,1
31050,1
31075,1
31100,1
31125,1
31150,1
31175,1
31200,2
31225,2
31250,2
31275,2
31300,2
31325,2
31350,2
31375,2
31400,2
31425,2
31450,2
31475,2
31500,2
31525,2
31550,2
31575,2
31600,2
31625,2
31650,2
31675,2
31700,2
31725,2
31750,2
31775,2
31800,2
31825,2
31850,2
31875,2
31900,2
31925,2
31950,2
31975,2
32000,2
32025,2
32050,2
32075,2
32100,2
32125,2
32150,2
32175,2
32200,2
32225,2
32250,2
32275,2
32300,2
32325,2
32350,2
32375,2
32400,2
32425,2
32450,2
32475,2
32500,2
32525,2
32550,2
32575,2
32600,2
32625,2
32650,2
32675,2
32700,2
32725,2
32750,2
32775,2
32800,2
32825,2
32850,2
32875,2
32900,2
32925,2
32950,2
32975,2
33000,2
33025,2
33050,2
33075,2
33100,2
33125,2
33150,2
33175,2
33200,2
33225,2
33250,2
33275,2
33300,2
33325,2
33350,2
33375,2
33400,2
33425,2
33450,2
33475,2
33500,2
33525,2
33550,2
33575,2
33600,2
33625,2
33650,2
33675,2
33700,2
33725,2
33750,2
33775,2
33800,2
33825,2
33850,2
33875,2
33900,2
33925,2
33950,2
33975,2
34000,2
34025,2
34050,2
34075,2
34100,2
34125,2
34150,2
34175,2
34200,2
34225,2
34250,2
34275,2
34300,2
34325,2
34350,2
34375,2
34400,2
34425,2
34450,2
34475,2
34500,2
34525,2
34550,2
34575,2
34600,2
34625,2
34650,2
34675,2
34700,2
34725,2
34750,2
34775,2
34800,2
34825,2
34850,2
34875,2
34900,2
34925,2
34950,2
34975,2
35000,2
35025,2
35050,2
35075,2
35100,2
35125,2
35150,2
35175,2
35200,2
35225,2
35250,2
35275,2
35300,2
35325,2
35350,2
35375,2
35400,2
35425,2
35450,2
35475,2
35500,2
35525,2
35550,2
35575,2
35600,2
35625,2
35650,2
35675,2
35700,2
35725,2
35750,2
35775,2
35800,2
35825,2
35850,2
35875,2
35900,2
35925,2
35950,2
35975,3
36000,3
36025,3
36050,3
36075,3
36100,3
36125,3
36150,3
36175,3
36200,3
36225,3
36250,3
36275,3
36300,3
36325,3
36350,3
36375,3
36400,3
36425,3
36450,3
36475,3
36500,3
36525,3
36550,3
36575,3
36600,3
36625,3
36650,3
36675,3
36700,3
36725,3
36750,3
36775,3
36800,3
36825,3
36850,3
36875,3
36900,3
36925,3
36950,3
36975,3
37000,3
37025,3
37050,3
37075,3
37100,3
37125,3
37150,3
37175,3
37200,3
37225,3
37250,3
37275,3
37300,3
37325,3
37350,3
37375,3
37400,3
37425,3
37450,3
37475,3
37500,3
37525,3
37550,3
37575,3
37600,3
37625,3
37650,3
37675,3
37700,3
37725,3
37750,3
37775,3
37800,3
37825,3
37850,3
37875,3
37900,3
37925,3
37950,3
37975,3
38000,3
38025,3
38050,3
38075,3
38100,3
38125,3
38150,3
38175,3
38200,3
38225,3
38250,3
38275,3
38300,3
38325,3
38350,3
38375,3
38400,3
38425,3
38450,3
38475,3
38500,3
38525,3
38550,3
38575,3
38600,3
38625,3
38650,3
38675,3
38700,3
38725,3
38750,3
38775,3
38800,3
38825,3
38850,3
38875,3
38900,3
38925,3
38950,3
38975,3
39000,3
39025,3
39050,3
39075,3
39100,3
39125,3
39150,3
39175,3
39200,3
39225,3
39250,3
39275,3
39300,3
39325,3
39350,3
39375,3
39400,3
39425,3
39450,3
39475,3
39500,3
39525,3
39550,3
39575,3
39600,3
39625,3
39650,3
39675,3
39700,3
39725,3
39750,3
39775,3
39800,3
39825,3
39850,3
39875,3
39900,3
39925,3
39950,3
39975,3
40000,3
40025,3
40050,3
40075,3
40100,3
40125,3
40150,3
40175,3
40200,3
40225,3
40250,3
40275,3
40300,3
40325,3
40350,3
40375,3
40400,3
40425,3
40450,3
40475,3
40500,3
40525,3
40550,3
40575,3
40600,3
40625,3
40650,3
40675,3
40700,3
40725,3
40750,3
40775,3
40800,3
40825,3
40850,3
40875,3
40900,3
40925,3
40950,3
40975,3
41000,3
41025,3
41050,3
41075,3
41100,3
41125,3
41150,3
41175,3
41200,3
41225,3
41250,3
41275,3
41300,3
41325,3
41350,3
41375,3
41400,3
41425,3
41450,3
41475,3
41500,3
41525,3
41550,3
41575,3
41600,3
41625,3
41650,3
41675,3
41700,3
41725,3
41750,3
41775,3
41800,3
41825,3
41850,3
41875,3
41900,3
41925,3
41950,3
41975,3
42000,3
42025,3
42050,3
42075,3
42100,3
42125,3
42150,3
42175,3
42200,3
42225,3
42250,3
42275,3
42300,3
42325,3
42350,3
42375,3
42400,3
42425,3
42450,3
42475,3
42500,3
42525,3
42550,3
42575,3
42600,3
42625,3
42650,3
42675,3
42700,3
42725,3
42750,3
42775,3
42800,3
42825,3
42850,3
42875,3
42900,3
42925,3
42950,3
42975,3
43000,3
43025,3
43050,3
43075,3
43100,3
43125,3
43150,3
43175,3
43200,3
43225,3
43250,3
43275,3
43300,3
43325,3
43350,3
43375,3
43400,3
43425,3
43450,3
43475,3
43500,3
43525,3
43550,3
43575,3
43600,3
43625,3
43650,3
43675,3
43700,3
43725,3
43750,3
43775,3
43800,3
43825,3
43850,3
43875,3
43900,3
43925,3
43950,3
43975,3
44000,3
44025,3
44050,3
44075,3
44100,3
44125,3
44150,3
44175,3
44200,3
44225,3
44250,3
44275,3
44300,3
44325,3
44350,3
44375,3
44400,3
44425,3
44450,3
44475,3
44500,3
44525,3
44550,3
44575,3
44600,3
44625,3
44650,3
44675,3
44700,3
44725,3
44750,3
44775,3
44800,3
44825,3
44850,3
44875,3
44900,3
44925,3
44950,3
44975,3
45000,3
45025,3
45050,3
45075,3
45100,3
45125,3
45150,3
45175,3
45200,3
45225,3
45250,3
45275,3
45300,3
45325,3
45350,3
45375,3
45400,3
45425,3
45450,3
45475,3
45500,3
45525,3
45550,3
45575,3
45600,3
45625,3
45650,3
45675,3
45700,3
45725,3
45750,3
45775,3
45800,3
45825,3
45850,3
45875,3
45900,3
45925,3
45950,3
45975,3
46000,3
46025,3
46050,3
46075,3
46100,3
46125,3
46150,3
46175,3
46200,3
46225,3
46250,3
46275,3
46300,4
46325,4
46350,4
46375,4
46400,4
46425,4
46450,4
46475,4
46500,4
46525,4
46550,4
46575,4
46600,4
46625,4
46650,4
46675,4
46700,4
46725,4
46750,4
46775,4
46800,4
46825,4
46850,4
46875,4
46900,4
46925,4
46950,4
46975,4
47000,4
47025,4
47050,4
47075,4
47100,4
47125,4
47150,4
47175,4
47200,4
47225,4
47250,4
47275,4
47300,4
47325,4
47350,4
47375,4
47400,4
47425,4
47450,4
47475,4
47500,4
47525,4
47550,4
47575,4
47600,4
47625,4
47650,4
47675,4
47700,4
47725,4
47750,4
47775,4
47800,4
47825,4
47850,4
47875,4
47900,4
47925,4
47950,4
47975,4
48000,4
48025,4
48050,4
48075,4
48100,4
48125,4
48150,4
48175,4
48200,4
48225,4
48250,4
48275,4
48300,4
48325,4
48350,4
48375,4
48400,4
48425,4
48450,4
48475,4
48500,4
48525,4
48550,4
48575,4
48600,4
48625,4
48650,4
48675,4
48700,4
48725,4
48750,4
48775,4
48800,4
48825,4
48850,6
48875,6
48900,6
48925,6
48950,6
48975,6
49000,6
49025,6
49050,6
49075,6
49100,6
49125,6
49150,6
49175,6
49200,6
49225,6
49250,6
49275,6
49300,6
49325,6
49350,6
49375,6
49400,6
49425,6
49450,6
49475,6
49500,6
49525,6
49550,6
49575,6
49600,6
49625,6
49650,6
49675,6
49700,6
49725,6
49750,6
49775,6
49800,6
49825,6
49850,6
49875,6
49900,6
49925,6
49950,6
49975,6
50000,6
50025,6
50050,6
50075,6
50100,6
50125,6
50150,6
50175,6
50200,6
50225,6
50250,6
50275,6
50300,6
50325,6
50350,6
50375,6
50400,6
50425,6
50450,6
50475,6
50500,6
50525,6
50550,6
50575,6
50600,6
