Frame,Grasper,Bipolar,Hook,Scissors,Clipper,Irrigator,SpecimenBag
0,0,0,1,0,0,0,0
25,0,0,1,0,0,0,0
50,0,0,1,0,0,0,0
75,0,0,1,0,0,0,0
100,0,0,1,0,0,0,0
125,0,0,1,0,0,0,0
150,0,0,1,0,0,0,0
175,0,0,1,0,0,0,0
200,0,0,1,0,0,0,0
225,0,0,1,0,0,0,0
250,0,0,1,0,0,0,0
275,0,0,1,0,0,0,0
300,0,0,1,0,0,0,0
325,0,0,1,0,0,0,0
350,0,0,1,0,0,0,0
375,0,0,1,0,0,0,0
400,0,0,1,0,0,0,0
425,0,0,1,0,0,0,0
450,0,0,1,0,0,0,0
475,0,0,1,0,0,0,0
500,0,0,1,0,0,0,0
525,0,0,1,0,0,0,0
550,0,0,1,0,0,0,0
575,0,0,1,0,0,0,0
600,0,0,1,0,0,0,0
625,0,0,1,0,0,0,0
650,0,0,1,0,0,0,0
675,0,0,1,0,0,0,0
700,0,0,1,0,0,0,0
725,0,0,1,0,0,0,0
750,0,0,1,0,0,0,0
775,0,0,1,0,0,0,0
800,0,0,1,0,0,0,0
825,0,0,1,0,0,0,0
850,0,0,1,0,0,0,0
875,0,0,1,0,0,0,0
900,0,0,1,0,0,0,0
925,0,0,1,0,0,0,0
950,0,0,1,0,0,0,0
975,0,0,1,0,0,0,0
1000,0,0,1,0,0,0,0
1025,0,0,1,0,0,0,0
1050,0,0,1,0,0,0,0
1075,0,0,1,0,0,0,0
1100,0,0,1,0,0,0,0
1125,0,0,1,0,0,0,0
1150,0,0,1,0,0,0,0
1175,0,0,1,0,0,0,0
1200,0,0,1,0,0,0,0
1225,0,0,1,0,0,0,0
1250,0,0,1,0,0,0,0
1275,0,0,1,0,0,0,0
1300,0,0,1,0,0,0,0
1325,0,0,1,0,0,0,0
1350,0,0,1,0,0,0,0
1375,0,0,1,0,0,0,0
1400,0,0,1,0,0,0,0
1425,0,0,1,0,0,0,0
1450,0,0,1,0,0,0,0
1475,1,0,1,0,0,0,0
1500,1,0,1,0,0,0,0
1525,1,0,1,0,0,0,0
1550,1,0,1,0,0,0,0
1575,1,0,1,0,0,0,0
1600,1,0,1,0,0,0,0
1625,1,0,1,0,0,0,0
1650,1,0,1,0,0,0,0
1675,1,0,1,0,0,0,0
1700,1,0,1,0,0,0,0
1725,1,0,1,0,0,0,0
1750,1,0,1,0,0,0,0
1775,1,0,1,0,0,0,0
1800,1,0,1,0,0,0,0
1825,1,0,1,0,0,0,0
1850,1,0,1,0,0,0,0
1875,1,0,1,0,0,0,0
1900,1,0,1,0,0,0,0
1925,1,0,1,0,0,0,0
1950,1,0,1,0,0,0,0
1975,1,0,1,0,0,0,0
2000,1,0,1,0,0,0,0
2025,1,0,1,0,0,0,0
2050,1,0,1,0,0,0,0
2075,0,0,1,0,0,0,0
2100,0,0,1,0,0,0,0
2125,0,0,1,0,0,0,0
2150,0,0,1,0,0,0,0
2175,0,0,1,0,0,0,0
2200,0,0,1,0,0,0,0
2225,0,0,1,0,0,0,0
2250,0,0,1,0,0,0,0
2275,0,0,1,0,0,0,0
2300,0,0,1,0,0,0,0
2325,0,0,1,0,0,0,0
2350,0,0,1,0,0,0,0
2375,0,0,1,0,0,0,0
2400,0,0,1,0,0,0,0
2425,0,0,1,0,0,0,0
2450,0,0,1,0,0,0,0
2475,0,0,1,0,0,0,0
2500,0,0,1,0,0,0,0
2525,0,0,1,0,0,0,0
2550,0,0,1,0,0,0,0
2575,0,0,1,0,0,0,0
2600,0,0,1,0,0,0,0
2625,0,0,1,0,0,0,0
2650,0,0,1,0,0,0,0
2675,0,0,1,0,0,0,0
2700,0,0,1,0,0,0,0
2725,0,0,1,0,0,0,0
2750,0,0,1,0,0,0,0
2775,0,0,1,0,0,0,0
2800,0,0,1,0,0,0,0
2825,0,0,1,0,0,0,0
2850,0,0,1,0,0,0,0
2875,0,0,1,0,0,0,0
2900,1,0,1,0,0,0,0
2925,1,0,1,0,0,0,0
2950,1,0,1,0,0,0,0
2975,1,0,1,0,0,0,0
3000,1,0,1,0,0,0,0
3025,1,0,1,0,0,0,0
3050,1,0,1,0,0,0,0
3075,1,0,1,0,0,0,0
3100,1,0,1,0,0,0,0
3125,1,0,1,0,0,0,0
3150,1,0,1,0,0,0,0
3175,1,0,1,0,0,0,0
3200,1,0,1,0,0,0,0
3225,1,0,1,0,0,0,0
3250,1,0,1,0,0,0,0
3275,1,0,1,0,0,0,0
3300,1,0,1,0,0,0,0
3325,1,0,1,0,0,0,0
3350,1,0,1,0,0,0,0
3375,1,0,1,0,0,0,0
3400,1,0,1,0,0,0,0
3425,1,0,1,0,0,0,0
3450,1,0,1,0,0,0,0
3475,1,0,1,0,0,0,0
3500,1,0,1,0,0,0,0
3525,1,0,1,0,0,0,0
3550,1,0,1,0,0,0,0
3575,1,0,1,0,0,0,0
3600,1,0,1,0,0,0,0
3625,1,0,1,0,0,0,0
3650,1,0,1,0,0,0,0
3675,1,0,1,0,0,0,0
3700,1,0,1,0,0,0,0
3725,1,0,1,0,0,0,0
3750,1,0,1,0,0,0,0
3775,1,0,1,0,0,0,0
3800,1,0,1,0,0,0,0
3825,1,0,1,0,0,0,0
3850,1,0,1,0,0,0,0
3875,1,0,1,0,0,0,0
3900,1,0,1,0,0,0,0
3925,1,0,1,0,0,0,0
3950,1,0,1,0,0,0,0
3975,1,0,1,0,0,0,0
4000,1,0,1,0,0,0,0
4025,1,0,1,0,0,0,0
4050,1,0,1,0,0,0,0
4075,1,0,1,0,0,0,0
4100,1,0,1,0,0,0,0
4125,1,0,1,0,0,0,0
4150,1,0,1,0,0,0,0
4175,1,0,1,0,0,0,0
4200,1,0,1,0,0,0,0
4225,1,0,1,0,0,0,0
4250,1,0,1,0,0,0,0
4275,1,0,1,0,0,0,0
4300,1,0,1,0,0,0,0
4325,1,0,1,0,0,0,0
4350,1,0,1,0,0,0,0
4375,1,0,1,0,0,0,0
4400,1,0,1,0,0,0,0
4425,1,0,1,0,0,0,0
4450,1,0,1,0,0,0,0
4475,0,0,1,0,0,0,0
4500,0,0,1,0,0,0,0
4525,0,0,1,0,0,0,0
4550,0,0,1,0,0,0,0
4575,0,0,1,0,0,0,0
4600,0,0,1,0,0,0,0
4625,0,0,1,0,0,0,0
4650,0,0,1,0,0,0,0
4675,0,0,1,0,0,0,0
4700,0,0,1,0,0,0,0
4725,0,0,1,0,0,0,0
4750,0,0,1,0,0,0,0
4775,0,0,1,0,0,0,0
4800,0,0,1,0,0,0,0
4825,0,0,1,0,0,0,0
4850,0,0,1,0,0,0,0
4875,0,0,1,0,0,0,0
4900,0,0,1,0,0,0,0
4925,0,0,1,0,0,0,0
4950,0,0,1,0,0,0,0
4975,0,0,1,0,0,0,0
5000,0,0,1,0,0,0,0
5025,0,0,1,0,0,0,0
5050,1,1,0,0,0,0,0
5075,1,1,0,0,0,0,0
5100,1,1,0,0,0,0,0
5125,1,1,0,0,0,0,0
5150,1,1,0,0,0,0,0
5175,1,1,0,0,0,0,0
5200,1,1,0,0,0,0,0
5225,1,1,0,0,0,0,0
5250,1,1,0,0,0,0,0
5275,1,1,0,0,0,0,0
5300,1,1,0,0,0,0,0
5325,1,1,0,0,0,0,0
5350,1,1,0,0,0,0,0
5375,1,1,0,0,0,0,0
5400,1,1,0,0,0,0,0
5425,1,1,0,0,0,0,0
5450,1,1,0,0,0,0,0
5475,1,1,0,0,0,0,0
5500,1,1,0,0,0,0,0
5525,1,1,0,0,0,0,0
5550,1,1,0,0,0,0,0
5575,1,1,0,0,0,0,0
5600,1,1,0,0,0,0,0
5625,1,1,0,0,0,0,0
5650,1,1,0,0,0,0,0
5675,1,1,0,0,0,0,0
5700,1,1,0,0,0,0,0
5725,1,1,0,0,0,0,0
5750,1,1,0,0,0,0,0
5775,1,1,0,0,0,0,0
5800,1,1,0,0,0,0,0
5825,1,1,0,0,0,0,0
5850,1,1,0,0,0,0,0
5875,1,0,0,0,0,0,0
5900,1,0,0,0,0,0,0
5925,1,0,0,0,0,0,0
5950,1,0,0,0,0,0,0
5975,1,0,0,0,0,0,0
6000,1,0,0,0,0,0,0
6025,1,0,0,0,0,0,0
6050,1,0,0,0,0,0,0
6075,1,0,0,0,0,0,0
6100,1,0,0,0,0,0,0
6125,1,0,0,0,0,0,0
6150,1,0,0,0,0,0,0
6175,1,0,0,0,0,0,0
6200,1,0,0,0,0,0,0
6225,1,0,0,0,0,0,0
6250,1,0,0,0,0,0,0
6275,1,0,0,0,0,0,0
6300,1,0,0,0,0,0,0
6325,1,0,0,0,0,0,0
6350,1,0,1,0,0,0,0
6375,1,0,1,0,0,0,0
6400,1,0,1,0,0,0,0
6425,1,0,1,0,0,0,0
6450,1,0,1,0,0,0,0
6475,1,0,1,0,0,0,0
6500,1,0,1,0,0,0,0
6525,1,0,1,0,0,0,0
6550,1,0,1,0,0,0,0
6575,1,0,1,0,0,0,0
6600,1,0,1,0,0,0,0
6625,1,0,1,0,0,0,0
6650,1,0,1,0,0,0,0
6675,1,0,1,0,0,0,0
6700,1,0,1,0,0,0,0
6725,1,0,1,0,0,0,0
6750,1,0,1,0,0,0,0
6775,1,0,1,0,0,0,0
6800,1,0,1,0,0,0,0
6825,1,0,1,0,0,0,0
6850,1,0,1,0,0,0,0
6875,1,0,1,0,0,0,0
6900,1,0,1,0,0,0,0
6925,1,0,1,0,0,0,0
6950,1,0,1,0,0,0,0
6975,1,0,1,0,0,0,0
7000,1,0,1,0,0,0,0
7025,1,0,1,0,0,0,0
7050,1,0,1,0,0,0,0
7075,1,0,1,0,0,0,0
7100,1,0,1,0,0,0,0
7125,1,0,1,0,0,0,0
7150,1,0,1,0,0,0,0
7175,1,0,1,0,0,0,0
7200,1,0,1,0,0,0,0
7225,1,0,1,0,0,0,0
7250,1,0,1,0,0,0,0
7275,1,0,1,0,0,0,0
7300,1,0,1,0,0,0,0
7325,1,0,1,0,0,0,0
7350,1,0,1,0,0,0,0
7375,1,0,1,0,0,0,0
7400,1,0,1,0,0,0,0
7425,1,0,1,0,0,0,0
7450,1,0,1,0,0,0,0
7475,1,0,1,0,0,0,0
7500,1,0,1,0,0,0,0
7525,1,0,1,0,0,0,0
7550,1,0,1,0,0,0,0
7575,1,0,1,0,0,0,0
7600,1,0,1,0,0,0,0
7625,1,0,1,0,0,0,0
7650,1,0,1,0,0,0,0
7675,1,0,1,0,0,0,0
7700,1,0,1,0,0,0,0
7725,1,0,1,0,0,0,0
7750,1,0,1,0,0,0,0
7775,1,0,1,0,0,0,0
7800,1,0,1,0,0,0,0
7825,1,0,1,0,0,0,0
7850,1,0,1,0,0,0,0
7875,1,0,1,0,0,0,0
7900,1,0,1,0,0,0,0
7925,1,0,1,0,0,0,0
7950,1,0,1,0,0,0,0
7975,1,0,1,0,0,0,0
8000,1,0,1,0,0,0,0
8025,1,0,1,0,0,0,0
8050,1,0,1,0,0,0,0
8075,1,0,1,0,0,0,0
8100,1,0,1,0,0,0,0
8125,1,0,1,0,0,0,0
8150,1,0,1,0,0,0,0
8175,1,0,1,0,0,0,0
8200,1,0,1,0,0,0,0
8225,1,0,1,0,0,0,0
8250,1,0,1,0,0,0,0
8275,1,0,1,0,0,0,0
8300,1,0,1,0,0,0,0
8325,1,0,1,0,0,0,0
8350,1,0,1,0,0,0,0
8375,1,0,1,0,0,0,0
8400,1,0,1,0,0,0,0
8425,1,0,1,0,0,0,0
8450,1,0,1,0,0,0,0
8475,1,0,1,0,0,0,0
8500,1,0,1,0,0,0,0
8525,1,0,1,0,0,0,0
8550,1,0,1,0,0,0,0
8575,1,0,1,0,0,0,0
8600,1,0,1,0,0,0,0
8625,1,0,1,0,0,0,0
8650,1,0,1,0,0,0,0
8675,1,0,1,0,0,0,0
8700,1,0,1,0,0,0,0
8725,1,0,1,0,0,0,0
8750,1,0,1,0,0,0,0
8775,1,0,1,0,0,0,0
8800,1,0,1,0,0,0,0
8825,1,0,1,0,0,0,0
8850,1,0,1,0,0,0,0
8875,1,0,1,0,0,0,0
8900,1,0,1,0,0,0,0
8925,1,0,1,0,0,0,0
8950,1,0,1,0,0,0,0
8975,1,0,1,0,0,0,0
9000,1,0,1,0,0,0,0
9025,1,0,1,0,0,0,0
9050,1,0,1,0,0,0,0
9075,1,0,1,0,0,0,0
9100,1,0,1,0,0,0,0
9125,1,0,1,0,0,0,0
9150,1,0,1,0,0,0,0
9175,1,0,1,0,0,0,0
9200,1,0,1,0,0,0,0
9225,1,0,1,0,0,0,0
9250,1,0,1,0,0,0,0
9275,1,0,1,0,0,0,0
9300,1,0,1,0,0,0,0
9325,1,0,1,0,0,0,0
9350,1,0,1,0,0,0,0
9375,1,0,1,0,0,0,0
9400,1,0,1,0,0,0,0
9425,1,0,1,0,0,0,0
9450,1,0,1,0,0,0,0
9475,1,0,1,0,0,0,0
9500,1,0,1,0,0,0,0
9525,1,0,1,0,0,0,0
9550,1,0,1,0,0,0,0
9575,1,0,1,0,0,0,0
9600,1,0,1,0,0,0,0
9625,1,0,1,0,0,0,0
9650,1,0,1,0,0,0,0
9675,1,0,1,0,0,0,0
9700,1,0,1,0,0,0,0
9725,1,0,1,0,0,0,0
9750,1,0,1,0,0,0,0
9775,1,0,1,0,0,0,0
9800,1,0,1,0,0,0,0
9825,1,0,1,0,0,0,0
9850,1,0,1,0,0,0,0
9875,1,0,1,0,0,0,0
9900,1,0,1,0,0,0,0
9925,1,0,1,0,0,0,0
9950,1,0,1,0,0,0,0
9975,1,0,1,0,0,0,0
10000,1,0,1,0,0,0,0
10025,1,0,1,0,0,0,0
10050,1,0,1,0,0,0,0
10075,1,0,1,0,0,0,0
10100,1,0,1,0,0,0,0
10125,1,0,1,0,0,0,0
10150,1,0,1,0,0,0,0
10175,1,0,1,0,0,0,0
10200,1,0,1,0,0,0,0
10225,0,0,1,0,0,0,0
10250,0,0,1,0,0,0,0
10275,0,0,1,0,0,0,0
10300,0,0,1,0,0,0,0
10325,0,0,1,0,0,0,0
10350,0,0,1,0,0,0,0
10375,0,0,1,0,0,0,0
10400,0,0,1,0,0,0,0
10425,0,0,1,0,0,0,0
10450,0,0,1,0,0,0,0
10475,0,0,1,0,0,0,0
10500,0,0,1,0,0,0,0
10525,0,0,1,0,0,0,0
10550,0,0,1,0,0,0,0
10575,0,0,1,0,0,0,0
10600,0,0,1,0,0,0,0
10625,0,0,1,0,0,0,0
10650,0,0,1,0,0,0,0
10675,0,0,1,0,0,0,0
10700,0,0,1,0,0,0,0
10725,0,0,1,0,0,0,0
10750,0,0,1,0,0,0,0
10775,0,0,1,0,0,0,0
10800,0,0,1,0,0,0,0
10825,0,0,1,0,0,0,0
10850,0,0,1,0,0,0,0
10875,0,0,1,0,0,0,0
10900,0,0,1,0,0,0,0
10925,0,0,1,0,0,0,0
10950,0,0,0,0,0,0,0
10975,0,0,0,0,0,0,0
11000,0,0,0,0,0,0,0
11025,0,0,0,0,0,0,0
11050,0,0,0,0,0,0,0
11075,0,0,0,0,0,0,0
11100,0,0,0,0,0,0,0
11125,0,0,0,0,0,0,0
11150,0,0,0,0,0,0,0
11175,0,0,0,0,0,0,0
11200,0,0,0,0,0,0,0
11225,0,0,0,0,0,0,0
11250,0,0,0,0,0,0,0
11275,0,0,0,0,0,0,0
11300,0,0,0,0,0,0,0
11325,0,0,0,0,0,0,0
11350,0,0,0,0,0,0,0
11375,0,0,0,0,0,0,0
11400,0,0,0,0,0,0,0
11425,0,0,0,0,0,0,0
11450,0,0,0,0,0,0,0
11475,0,0,0,0,0,0,0
11500,0,0,0,0,0,0,0
11525,0,0,0,0,0,0,0
11550,0,0,0,0,0,0,0
11575,0,0,0,0,0,0,0
11600,0,0,0,0,0,0,0
11625,0,1,0,0,0,0,0
11650,0,1,0,0,0,0,0
11675,0,1,0,0,0,0,0
11700,0,1,0,0,0,0,0
11725,0,1,0,0,0,0,0
11750,0,1,0,0,0,0,0
11775,0,1,0,0,0,0,0
11800,0,1,0,0,0,0,0
11825,0,1,0,0,0,0,0
11850,0,1,0,0,0,0,0
11875,0,1,0,0,0,0,0
11900,0,1,0,0,0,0,0
11925,0,1,0,0,0,0,0
11950,1,0,0,0,0,0,0
11975,1,0,0,0,0,0,0
12000,1,0,0,0,0,0,0
12025,1,0,0,0,0,0,0
12050,1,0,0,0,0,0,0
12075,1,0,0,0,0,0,0
12100,1,0,0,0,0,0,0
12125,1,0,0,0,0,0,0
12150,1,0,0,0,0,0,0
12175,1,0,0,0,0,0,0
12200,1,0,0,0,0,0,0
12225,1,0,0,0,0,0,0
12250,1,0,0,0,0,0,0
12275,1,0,0,0,0,0,0
12300,1,0,0,0,0,0,0
12325,1,0,0,0,0,0,0
12350,1,0,0,0,0,0,0
12375,1,0,0,0,0,0,0
12400,0,0,1,0,0,0,0
12425,0,0,1,0,0,0,0
12450,0,0,1,0,0,0,0
12475,0,0,1,0,0,0,0
12500,0,0,1,0,0,0,0
12525,0,0,1,0,0,0,0
12550,0,0,1,0,0,0,0
12575,0,0,1,0,0,0,0
12600,0,0,1,0,0,0,0
12625,0,0,1,0,0,0,0
12650,0,0,1,0,0,0,0
12675,0,0,1,0,0,0,0
12700,0,0,1,0,0,0,0
12725,0,0,1,0,0,0,0
12750,0,0,1,0,0,0,0
12775,0,0,1,0,0,0,0
12800,0,0,1,0,0,0,0
12825,0,0,1,0,0,0,0
12850,0,0,1,0,0,0,0
12875,0,0,1,0,0,0,0
12900,0,0,1,0,0,0,0
12925,0,0,1,0,0,0,0
12950,0,0,1,0,0,0,0
12975,0,0,1,0,0,0,0
13000,0,0,1,0,0,0,0
13025,0,0,1,0,0,0,0
13050,0,0,1,0,0,0,0
13075,0,0,1,0,0,0,0
13100,0,0,1,0,0,0,0
13125,0,0,1,0,0,0,0
13150,0,0,1,0,0,0,0
13175,0,0,1,0,0,0,0
13200,0,0,1,0,0,0,0
13225,0,0,1,0,0,0,0
13250,1,0,1,0,0,0,0
13275,1,0,1,0,0,0,0
13300,1,0,1,0,0,0,0
13325,1,0,1,0,0,0,0
13350,1,0,1,0,0,0,0
13375,1,0,1,0,0,0,0
13400,1,0,1,0,0,0,0
13425,1,0,1,0,0,0,0
13450,1,0,1,0,0,0,0
13475,1,0,1,0,0,0,0
13500,1,0,1,0,0,0,0
13525,1,0,1,0,0,0,0
13550,1,0,1,0,0,0,0
13575,1,0,1,0,0,0,0
13600,1,0,1,0,0,0,0
13625,1,0,1,0,0,0,0
13650,1,0,1,0,0,0,0
13675,1,0,1,0,0,0,0
13700,1,0,1,0,0,0,0
13725,1,0,1,0,0,0,0
13750,1,0,1,0,0,0,0
13775,1,0,1,0,0,0,0
13800,1,0,1,0,0,0,0
13825,1,0,1,0,0,0,0
13850,1,0,1,0,0,0,0
13875,1,0,1,0,0,0,0
13900,1,0,1,0,0,0,0
13925,1,0,1,0,0,0,0
13950,1,0,1,0,0,0,0
13975,1,0,1,0,0,0,0
14000,1,0,1,0,0,0,0
14025,1,0,1,0,0,0,0
14050,1,0,1,0,0,0,0
14075,1,0,1,0,0,0,0
14100,1,0,1,0,0,0,0
14125,1,0,1,0,0,0,0
14150,1,0,1,0,0,0,0
14175,1,0,1,0,0,0,0
14200,1,0,1,0,0,0,0
14225,1,0,1,0,0,0,0
14250,1,0,1,0,0,0,0
14275,1,0,1,0,0,0,0
14300,1,0,1,0,0,0,0
14325,1,0,1,0,0,0,0
14350,1,0,1,0,0,0,0
14375,1,0,1,0,0,0,0
14400,1,0,1,0,0,0,0
14425,1,0,1,0,0,0,0
14450,1,0,1,0,0,0,0
14475,1,0,1,0,0,0,0
14500,1,0,1,0,0,0,0
14525,1,0,1,0,0,0,0
14550,1,0,1,0,0,0,0
14575,1,0,1,0,0,0,0
14600,1,0,1,0,0,0,0
14625,1,0,1,0,0,0,0
14650,1,0,1,0,0,0,0
14675,1,0,1,0,0,0,0
14700,1,0,1,0,0,0,0
14725,1,0,1,0,0,0,0
14750,1,0,1,0,0,0,0
14775,1,0,1,0,0,0,0
14800,1,0,1,0,0,0,0
14825,1,0,1,0,0,0,0
14850,1,0,1,0,0,0,0
14875,1,0,1,0,0,0,0
14900,1,0,1,0,0,0,0
14925,1,0,1,0,0,0,0
14950,1,0,1,0,0,0,0
14975,1,0,1,0,0,0,0
15000,1,0,1,0,0,0,0
15025,1,0,1,0,0,0,0
15050,1,0,1,0,0,0,0
15075,1,0,1,0,0,0,0
15100,1,0,1,0,0,0,0
15125,1,0,1,0,0,0,0
15150,1,0,1,0,0,0,0
15175,1,0,1,0,0,0,0
15200,1,0,1,0,0,0,0
15225,1,0,1,0,0,0,0
15250,1,0,1,0,0,0,0
15275,1,0,1,0,0,0,0
15300,1,0,1,0,0,0,0
15325,1,0,1,0,0,0,0
15350,1,0,1,0,0,0,0
15375,1,0,1,0,0,0,0
15400,1,0,1,0,0,0,0
15425,1,0,1,0,0,0,0
15450,1,0,1,0,0,0,0
15475,1,0,1,0,0,0,0
15500,1,0,1,0,0,0,0
15525,1,0,1,0,0,0,0
15550,1,0,1,0,0,0,0
15575,1,0,1,0,0,0,0
15600,1,0,1,0,0,0,0
15625,1,0,1,0,0,0,0
15650,1,0,1,0,0,0,0
15675,1,0,1,0,0,0,0
15700,1,0,1,0,0,0,0
15725,1,0,1,0,0,0,0
15750,1,0,1,0,0,0,0
15775,1,0,1,0,0,0,0
15800,1,0,1,0,0,0,0
15825,1,0,1,0,0,0,0
15850,1,0,1,0,0,0,0
15875,1,0,1,0,0,0,0
15900,1,0,1,0,0,0,0
15925,1,0,1,0,0,0,0
15950,1,0,1,0,0,0,0
15975,1,0,1,0,0,0,0
16000,1,0,1,0,0,0,0
16025,1,0,1,0,0,0,0
16050,1,0,1,0,0,0,0
16075,1,0,1,0,0,0,0
16100,1,0,1,0,0,0,0
16125,1,0,1,0,0,0,0
16150,1,0,1,0,0,0,0
16175,1,0,1,0,0,0,0
16200,1,0,1,0,0,0,0
16225,1,0,1,0,0,0,0
16250,1,0,1,0,0,0,0
16275,1,0,1,0,0,0,0
16300,1,0,1,0,0,0,0
16325,1,0,1,0,0,0,0
16350,1,0,1,0,0,0,0
16375,1,0,1,0,0,0,0
16400,1,0,1,0,0,0,0
16425,1,0,1,0,0,0,0
16450,1,0,1,0,0,0,0
16475,1,0,1,0,0,0,0
16500,1,0,1,0,0,0,0
16525,1,0,1,0,0,0,0
16550,1,0,1,0,0,0,0
16575,0,0,1,0,0,0,0
16600,0,0,1,0,0,0,0
16625,0,0,1,0,0,0,0
16650,0,0,1,0,0,0,0
16675,0,0,1,0,0,0,0
16700,0,0,1,0,0,0,0
16725,0,0,1,0,0,0,0
16750,0,0,1,0,0,0,0
16775,0,0,1,0,0,0,0
16800,0,0,1,0,0,0,0
16825,0,0,1,0,0,0,0
16850,0,0,1,0,0,0,0
16875,0,0,1,0,0,0,0
16900,0,0,1,0,0,0,0
16925,0,0,1,0,0,0,0
16950,0,0,1,0,0,0,0
16975,0,0,1,0,0,0,0
17000,0,0,1,0,0,0,0
17025,0,0,1,0,0,0,0
17050,0,0,1,0,0,0,0
17075,0,0,1,0,0,0,0
17100,0,0,1,0,0,0,0
17125,0,0,1,0,0,0,0
17150,0,0,1,0,0,0,0
17175,0,0,1,0,0,0,0
17200,0,0,1,0,0,0,0
17225,0,0,1,0,0,0,0
17250,0,0,1,0,0,0,0
17275,0,0,1,0,0,0,0
17300,0,0,1,0,0,0,0
17325,0,0,1,0,0,0,0
17350,0,0,1,0,0,0,0
17375,0,0,1,0,0,0,0
17400,0,0,1,0,0,0,0
17425,0,0,1,0,0,0,0
17450,0,0,1,0,0,0,0
17475,0,0,1,0,0,0,0
17500,0,0,1,0,0,0,0
17525,0,0,1,0,0,0,0
17550,0,0,1,0,0,0,0
17575,0,0,1,0,0,0,0
17600,0,0,1,0,0,0,0
17625,0,0,1,0,0,0,0
17650,0,0,1,0,0,0,0
17675,0,0,1,0,0,0,0
17700,0,0,1,0,0,0,0
17725,0,0,1,0,0,0,0
17750,0,0,1,0,0,0,0
17775,0,0,1,0,0,0,0
17800,0,0,1,0,0,0,0
17825,0,0,1,0,0,0,0
17850,0,0,1,0,0,0,0
17875,0,0,1,0,0,0,0
17900,0,0,1,0,0,0,0
17925,0,0,1,0,0,0,0
17950,0,0,1,0,0,0,0
17975,1,0,0,0,0,0,0
18000,1,0,0,0,0,0,0
18025,1,0,0,0,0,0,0
18050,1,0,0,0,0,0,0
18075,1,0,0,0,0,0,0
18100,1,0,0,0,0,0,0
18125,1,0,0,0,0,0,0
18150,1,0,0,0,0,0,0
18175,1,0,0,0,0,0,0
18200,1,0,0,0,0,0,0
18225,1,0,0,0,0,0,0
18250,1,0,0,0,0,0,0
18275,1,0,0,0,0,0,0
18300,1,0,0,0,0,0,0
18325,1,0,1,0,0,0,0
18350,1,0,1,0,0,0,0
18375,1,0,1,0,0,0,0
18400,1,0,1,0,0,0,0
18425,1,0,1,0,0,0,0
18450,1,0,1,0,0,0,0
18475,1,0,1,0,0,0,0
18500,1,0,1,0,0,0,0
18525,1,0,1,0,0,0,0
18550,1,0,1,0,0,0,0
18575,1,0,1,0,0,0,0
18600,1,0,1,0,0,0,0
18625,1,0,1,0,0,0,0
18650,1,0,1,0,0,0,0
18675,1,0,1,0,0,0,0
18700,1,0,1,0,0,0,0
18725,1,0,1,0,0,0,0
18750,1,0,1,0,0,0,0
18775,1,0,1,0,0,0,0
18800,1,0,1,0,0,0,0
18825,1,0,1,0,0,0,0
18850,1,0,1,0,0,0,0
18875,1,0,1,0,0,0,0
18900,1,0,1,0,0,0,0
18925,1,0,1,0,0,0,0
18950,1,0,1,0,0,0,0
18975,1,0,1,0,0,0,0
19000,1,0,1,0,0,0,0
19025,1,0,1,0,0,0,0
19050,1,0,1,0,0,0,0
19075,1,0,1,0,0,0,0
19100,1,0,1,0,0,0,0
19125,1,0,1,0,0,0,0
19150,0,1,0,0,0,0,0
19175,0,1,0,0,0,0,0
19200,0,1,0,0,0,0,0
19225,0,1,0,0,0,0,0
19250,0,1,0,0,0,0,0
19275,0,1,0,0,0,0,0
19300,0,1,0,0,0,0,0
19325,0,1,0,0,0,0,0
19350,0,1,0,0,0,0,0
19375,0,1,0,0,0,0,0
19400,0,1,0,0,0,0,0
19425,0,1,0,0,0,0,0
19450,0,1,0,0,0,0,0
19475,0,1,0,0,0,0,0
19500,0,1,0,0,0,0,0
19525,0,1,0,0,0,0,0
19550,0,1,0,0,0,0,0
19575,0,1,0,0,0,0,0
19600,0,1,0,0,0,0,0
19625,0,1,0,0,0,0,0
19650,0,1,0,0,0,0,0
19675,0,1,0,0,0,0,0
19700,0,1,0,0,0,0,0
19725,1,0,1,0,0,0,0
19750,1,0,1,0,0,0,0
19775,1,0,1,0,0,0,0
19800,1,0,1,0,0,0,0
19825,1,0,1,0,0,0,0
19850,1,0,1,0,0,0,0
19875,1,0,1,0,0,0,0
19900,1,0,1,0,0,0,0
19925,1,0,1,0,0,0,0
19950,1,0,1,0,0,0,0
19975,1,0,1,0,0,0,0
20000,1,0,1,0,0,0,0
20025,1,0,1,0,0,0,0
20050,1,0,1,0,0,0,0
20075,1,0,1,0,0,0,0
20100,1,0,1,0,0,0,0
20125,1,0,1,0,0,0,0
20150,1,0,1,0,0,0,0
20175,1,0,1,0,0,0,0
20200,1,0,1,0,0,0,0
20225,1,0,1,0,0,0,0
20250,1,0,1,0,0,0,0
20275,1,0,1,0,0,0,0
20300,1,0,1,0,0,0,0
20325,1,0,1,0,0,0,0
20350,1,0,1,0,0,0,0
20375,1,0,1,0,0,0,0
20400,1,0,1,0,0,0,0
20425,1,0,1,0,0,0,0
20450,1,0,1,0,0,0,0
20475,1,0,1,0,0,0,0
20500,1,0,1,0,0,0,0
20525,1,0,1,0,0,0,0
20550,1,0,1,0,0,0,0
20575,1,0,1,0,0,0,0
20600,1,0,1,0,0,0,0
20625,1,0,1,0,0,0,0
20650,1,0,1,0,0,0,0
20675,1,0,1,0,0,0,0
20700,1,0,1,0,0,0,0
20725,1,0,1,0,0,0,0
20750,1,0,1,0,0,0,0
20775,1,0,1,0,0,0,0
20800,1,0,1,0,0,0,0
20825,1,0,1,0,0,0,0
20850,1,0,1,0,0,0,0
20875,1,0,1,0,0,0,0
20900,1,0,1,0,0,0,0
20925,1,0,1,0,0,0,0
20950,1,0,1,0,0,0,0
20975,1,0,1,0,0,0,0
21000,1,0,1,0,0,0,0
21025,1,0,1,0,0,0,0
21050,1,0,1,0,0,0,0
21075,1,0,1,0,0,0,0
21100,1,0,1,0,0,0,0
21125,1,0,1,0,0,0,0
21150,1,0,1,0,0,0,0
21175,1,0,1,0,0,0,0
21200,1,0,1,0,0,0,0
21225,1,0,1,0,0,0,0
21250,1,0,1,0,0,0,0
21275,1,0,1,0,0,0,0
21300,1,0,1,0,0,0,0
21325,1,0,1,0,0,0,0
21350,0,0,0,0,0,0,0
21375,0,0,0,0,0,0,0
21400,0,0,0,0,0,0,0
21425,0,0,0,0,0,0,0
21450,0,0,0,0,0,0,0
21475,0,0,0,0,0,0,0
21500,0,0,0,0,0,0,0
21525,0,0,0,0,0,0,0
21550,0,0,0,0,0,0,0
21575,0,0,0,0,0,0,0
21600,0,0,0,0,0,0,0
21625,0,0,0,0,0,0,0
21650,0,0,0,0,0,0,0
21675,0,0,0,0,0,0,0
21700,0,0,0,0,0,0,0
21725,0,0,0,0,0,0,0
21750,0,0,0,0,0,0,0
21775,0,0,0,0,0,0,0
21800,0,0,0,0,0,0,0
21825,0,0,0,0,0,0,0
21850,0,0,0,0,0,0,0
21875,0,0,0,0,0,0,0
21900,0,0,0,0,0,0,0
21925,0,0,0,0,0,0,0
21950,0,0,0,0,0,0,0
21975,0,0,0,0,0,0,0
22000,0,0,0,0,0,0,0
22025,0,0,0,0,0,0,0
22050,0,0,0,0,0,0,0
22075,0,0,0,0,0,0,0
22100,0,0,0,0,0,0,0
22125,0,0,0,0,0,0,0
22150,0,0,0,0,0,0,0
22175,0,0,0,0,0,0,0
22200,0,0,0,0,0,0,0
22225,0,0,0,0,1,0,0
22250,0,0,0,0,1,0,0
22275,0,0,0,0,1,0,0
22300,0,0,0,0,1,0,0
22325,0,0,0,0,1,0,0
22350,0,0,0,0,1,0,0
22375,0,0,0,0,1,0,0
22400,0,0,0,0,1,0,0
22425,0,0,0,0,1,0,0
22450,0,0,0,0,1,0,0
22475,0,0,0,0,1,0,0
22500,0,0,0,0,1,0,0
22525,0,0,0,0,1,0,0
22550,0,0,0,0,1,0,0
22575,0,0,0,0,1,0,0
22600,0,0,0,0,1,0,0
22625,0,0,0,0,1,0,0
22650,0,0,0,0,1,0,0
22675,0,0,0,0,1,0,0
22700,0,0,0,0,1,0,0
22725,0,0,0,0,1,0,0
22750,0,0,0,0,1,0,0
22775,0,0,0,0,1,0,0
22800,0,0,0,0,1,0,0
22825,0,0,0,0,1,0,0
22850,0,0,0,0,1,0,0
22875,0,0,0,0,1,0,0
22900,0,0,0,0,1,0,0
22925,0,0,0,0,1,0,0
22950,0,0,0,0,1,0,0
22975,0,0,0,0,1,0,0
23000,0,0,0,0,1,0,0
23025,0,0,0,0,1,0,0
23050,0,0,0,0,1,0,0
23075,0,0,0,0,1,0,0
23100,0,0,0,0,1,0,0
23125,0,0,0,0,1,0,0
23150,1,0,0,0,1,0,0
23175,1,0,0,0,1,0,0
23200,1,0,0,0,1,0,0
23225,1,0,0,0,1,0,0
23250,1,0,0,0,1,0,0
23275,1,0,0,0,1,0,0
23300,1,0,0,0,1,0,0
23325,1,0,0,0,1,0,0
23350,1,0,0,0,1,0,0
23375,1,0,0,0,1,0,0
23400,1,0,0,0,1,0,0
23425,1,0,0,0,1,0,0
23450,1,0,0,0,1,0,0
23475,1,0,0,0,1,0,0
23500,1,0,0,0,1,0,0
23525,1,0,0,0,1,0,0
23550,1,0,0,0,1,0,0
23575,1,0,0,0,1,0,0
23600,1,0,0,0,1,0,0
23625,1,0,0,0,1,0,0
23650,1,0,0,0,1,0,0
23675,1,0,0,0,1,0,0
23700,1,0,0,0,1,0,0
23725,1,0,0,0,1,0,0
23750,1,0,0,0,1,0,0
23775,1,0,0,0,1,0,0
23800,1,0,0,0,1,0,0
23825,1,0,0,0,1,0,0
23850,1,0,0,0,1,0,0
23875,1,0,0,0,1,0,0
23900,1,0,0,0,1,0,0
23925,1,0,0,0,1,0,0
23950,1,0,0,0,1,0,0
23975,1,0,0,0,1,0,0
24000,1,0,0,0,1,0,0
24025,1,0,0,0,1,0,0
24050,1,0,0,0,1,0,0
24075,1,0,0,0,1,0,0
24100,1,0,0,0,1,0,0
24125,1,0,0,0,1,0,0
24150,1,0,0,0,1,0,0
24175,1,0,0,0,1,0,0
24200,1,0,0,0,1,0,0
24225,0,0,0,1,0,0,0
24250,0,0,0,1,0,0,0
24275,0,0,0,1,0,0,0
24300,0,0,0,1,0,0,0
24325,0,0,0,1,0,0,0
24350,0,0,0,1,0,0,0
24375,0,0,0,1,0,0,0
24400,0,0,0,1,0,0,0
24425,0,0,0,1,0,0,0
24450,0,0,0,1,0,0,0
24475,0,0,0,1,0,0,0
24500,0,0,0,1,0,0,0
24525,0,0,0,1,0,0,0
24550,1,0,0,0,1,0,0
24575,1,0,0,0,1,0,0
24600,1,0,0,0,1,0,0
24625,1,0,0,0,1,0,0
24650,1,0,0,0,1,0,0
24675,1,0,0,0,1,0,0
24700,1,0,0,0,1,0,0
24725,1,0,0,0,1,0,0
24750,1,0,0,0,1,0,0
24775,1,0,0,0,1,0,0
24800,1,0,0,0,1,0,0
24825,1,0,0,0,1,0,0
24850,1,0,0,0,1,0,0
24875,1,0,0,0,1,0,0
24900,1,0,0,0,1,0,0
24925,1,0,0,0,1,0,0
24950,1,0,0,0,1,0,0
24975,1,0,0,0,1,0,0
25000,1,0,0,0,1,0,0
25025,1,0,0,0,1,0,0
25050,1,0,0,0,1,0,0
25075,1,0,0,0,1,0,0
25100,1,0,0,0,1,0,0
25125,1,0,0,0,1,0,0
25150,1,0,0,0,1,0,0
25175,1,0,0,0,1,0,0
25200,1,0,0,0,1,0,0
25225,1,0,0,0,1,0,0
25250,1,0,0,0,1,0,0
25275,1,0,0,0,1,0,0
25300,0,0,0,0,1,0,0
25325,0,0,0,0,1,0,0
25350,0,0,0,0,1,0,0
25375,0,0,0,0,1,0,0
25400,0,0,0,0,1,0,0
25425,0,0,0,0,1,0,0
25450,0,0,0,0,1,0,0
25475,0,0,0,0,1,0,0
25500,0,0,0,0,1,0,0
25525,0,0,0,0,1,0,0
25550,0,0,0,0,1,0,0
25575,0,0,0,0,1,0,0
25600,0,0,0,0,1,0,0
25625,0,0,0,0,1,0,0
25650,0,0,0,0,1,0,0
25675,0,0,0,0,1,0,0
25700,0,0,0,0,1,0,0
25725,0,0,0,0,1,0,0
25750,0,0,0,0,1,0,0
25775,0,0,0,0,1,0,0
25800,0,0,0,0,1,0,0
25825,0,0,0,0,1,0,0
25850,0,0,0,0,1,0,0
25875,0,0,0,0,1,0,0
25900,0,0,0,0,1,0,0
25925,0,0,0,0,1,0,0
25950,0,0,0,0,1,0,0
25975,0,0,0,0,1,0,0
26000,0,0,0,0,1,0,0
26025,0,0,0,0,1,0,0
26050,0,0,0,0,1,0,0
26075,0,0,0,0,1,0,0
26100,0,0,0,0,1,0,0
26125,0,0,0,0,1,0,0
26150,0,0,0,0,1,0,0
26175,0,0,0,0,1,0,0
26200,0,0,0,0,0,0,0
26225,0,0,0,0,0,0,0
26250,0,0,0,0,0,0,0
26275,0,0,0,0,0,0,0
26300,0,0,0,0,0,0,0
26325,0,0,0,0,0,0,0
26350,0,0,0,0,0,0,0
26375,0,0,0,0,0,0,0
26400,0,0,0,0,0,0,0
26425,0,0,0,0,0,0,0
26450,0,0,0,0,0,0,0
26475,0,0,0,0,0,0,0
26500,0,0,0,0,0,0,0
26525,0,0,0,0,0,0,0
26550,0,0,0,0,0,0,0
26575,0,0,0,0,0,0,0
26600,0,0,0,0,0,0,0
26625,0,0,0,0,0,0,0
26650,0,0,0,0,0,0,0
26675,0,0,0,0,0,0,0
26700,0,0,0,0,0,0,0
26725,0,0,0,0,0,0,0
26750,0,0,0,0,0,0,0
26775,0,0,0,0,0,0,0
26800,0,0,0,0,0,0,0
26825,0,0,0,0,0,0,0
26850,0,0,0,0,0,0,0
26875,0,0,0,0,0,0,0
26900,0,0,0,0,0,0,0
26925,0,0,0,0,0,0,0
26950,0,0,0,0,0,0,0
26975,0,0,0,0,0,0,0
27000,0,0,0,0,0,0,0
27025,1,0,0,0,0,1,0
27050,1,0,0,0,0,1,0
27075,1,0,0,0,0,1,0
27100,1,0,0,0,0,1,0
27125,1,0,0,0,0,1,0
27150,1,0,0,0,0,1,0
27175,1,0,0,0,0,1,0
27200,1,0,0,0,0,1,0
27225,1,0,0,0,0,1,0
27250,1,0,0,0,0,1,0
27275,1,0,0,0,0,1,0
27300,1,0,0,0,0,1,0
27325,1,0,0,0,0,1,0
27350,1,0,0,0,0,1,0
27375,1,0,0,0,0,1,0
27400,1,0,0,0,0,1,0
27425,1,0,0,0,0,1,0
27450,1,0,0,0,0,1,0
27475,1,0,0,0,0,1,0
27500,1,0,0,0,0,1,0
27525,1,0,0,0,0,1,0
27550,1,0,0,0,0,1,0
27575,1,0,0,0,0,1,0
27600,1,0,0,0,0,1,0
27625,1,0,0,0,0,1,0
27650,1,0,0,0,0,1,0
27675,1,0,0,0,0,1,0
27700,1,0,0,0,0,1,0
27725,1,0,0,0,0,1,0
27750,1,0,0,0,0,1,0
27775,1,0,0,0,0,1,0
27800,1,0,0,0,0,1,0
27825,1,0,0,0,0,1,0
27850,1,0,0,0,0,1,0
27875,1,0,0,0,0,1,0
27900,1,0,0,0,0,1,0
27925,0,0,1,0,0,0,0
27950,0,0,1,0,0,0,0
27975,0,0,1,0,0,0,0
28000,0,0,1,0,0,0,0
28025,0,0,1,0,0,0,0
28050,0,0,1,0,0,0,0
28075,0,0,1,0,0,0,0
28100,0,0,1,0,0,0,0
28125,0,0,1,0,0,0,0
28150,0,0,1,0,0,0,0
28175,0,0,1,0,0,0,0
28200,0,0,1,0,0,0,0
28225,0,0,1,0,0,0,0
28250,0,0,1,0,0,0,0
28275,0,0,1,0,0,0,0
28300,0,0,1,0,0,0,0
28325,0,0,1,0,0,0,0
28350,0,0,1,0,0,0,0
28375,0,0,1,0,0,0,0
28400,0,0,1,0,0,0,0
28425,0,0,1,0,0,0,0
28450,0,0,1,0,0,0,0
28475,0,0,1,0,0,0,0
28500,0,0,1,0,0,0,0
28525,0,0,1,0,0,0,0
28550,0,0,1,0,0,0,0
28575,0,0,1,0,0,0,0
28600,0,0,1,0,0,0,0
28625,0,0,1,0,0,0,0
28650,0,0,1,0,0,0,0
28675,0,0,1,0,0,0,0
28700,0,0,1,0,0,0,0
28725,0,0,1,0,0,0,0
28750,0,0,1,0,0,0,0
28775,0,0,1,0,0,0,0
28800,1,0,1,0,0,0,0
28825,1,0,1,0,0,0,0
28850,1,0,1,0,0,0,0
28875,1,0,1,0,0,0,0
28900,1,0,1,0,0,0,0
28925,1,0,1,0,0,0,0
28950,1,0,1,0,0,0,0
28975,1,0,1,0,0,0,0
29000,1,0,1,0,0,0,0
29025,1,0,1,0,0,0,0
29050,1,0,1,0,0,0,0
29075,1,0,1,0,0,0,0
29100,1,0,1,0,0,0,0
29125,1,0,1,0,0,0,0
29150,1,0,1,0,0,0,0
29175,1,0,1,0,0,0,0
29200,1,0,1,0,0,0,0
29225,1,0,1,0,0,0,0
29250,1,0,1,0,0,0,0
29275,1,0,1,0,0,0,0
29300,1,0,1,0,0,0,0
29325,1,0,1,0,0,0,0
29350,1,0,1,0,0,0,0
29375,1,0,1,0,0,0,0
29400,1,0,1,0,0,0,0
29425,1,0,1,0,0,0,0
29450,1,0,1,0,0,0,0
29475,1,0,1,0,0,0,0
29500,1,0,1,0,0,0,0
29525,1,0,1,0,0,0,0
29550,1,0,1,0,0,0,0
29575,1,0,1,0,0,0,0
29600,1,0,1,0,0,0,0
29625,1,0,1,0,0,0,0
29650,1,0,1,0,0,0,0
29675,1,0,1,0,0,0,0
29700,1,0,1,0,0,0,0
29725,1,0,1,0,0,0,0
29750,1,0,1,0,0,0,0
29775,1,0,1,0,0,0,0
29800,1,0,1,0,0,0,0
29825,1,0,1,0,0,0,0
29850,1,0,1,0,0,0,0
29875,1,0,1,0,0,0,0
29900,1,0,1,0,0,0,0
29925,1,0,1,0,0,0,0
29950,1,0,1,0,0,0,0
29975,1,0,1,0,0,0,0
30000,1,0,1,0,0,0,0
30025,1,0,1,0,0,0,0
30050,1,0,1,0,0,0,0
30075,1,0,1,0,0,0,0
30100,1,0,1,0,0,0,0
30125,1,0,1,0,0,0,0
30150,1,0,1,0,0,0,0
30175,1,0,1,0,0,0,0
30200,1,0,1,0,0,0,0
30225,1,0,1,0,0,0,0
30250,1,0,1,0,0,0,0
30275,1,0,1,0,0,0,0
30300,1,0,1,0,0,0,0
30325,1,0,1,0,0,0,0
30350,1,0,1,0,0,0,0
30375,1,0,1,0,0,0,0
30400,1,0,1,0,0,0,0
30425,1,0,1,0,0,0,0
30450,1,0,1,0,0,0,0
30475,1,0,1,0,0,0,0
30500,1,0,1,0,0,0,0
30525,1,0,1,0,0,0,0
30550,1,0,1,0,0,0,0
30575,1,0,1,0,0,0,0
30600,1,0,1,0,0,0,0
30625,1,0,1,0,0,0,0
30650,1,0,1,0,0,0,0
30675,1,0,1,0,0,0,0
30700,1,0,1,0,0,0,0
30725,1,0,1,0,0,0,0
30750,1,0,1,0,0,0,0
30775,1,0,1,0,0,0,0
30800,1,0,1,0,0,0,0
30825,1,0,1,0,0,0,0
30850,1,0,1,0,0,0,0
30875,1,0,1,0,0,0,0
30900,1,0,1,0,0,0,0
30925,0,0,1,0,0,0,0
30950,0,0,1,0,0,0,0
30975,0,0,1,0,0,0,0
31000,0,0,1,0,0,0,0
31025,0,0,1,0,0,0,0
31050,0,0,1,0,0,0,0
31075,0,0,1,0,0,0,0
31100,0,0,1,0,0,0,0
31125,0,0,1,0,0,0,0
31150,0,0,1,0,0,0,0
31175,0,0,1,0,0,0,0
31200,0,0,1,0,0,0,0
31225,0,0,1,0,0,0,0
31250,0,0,1,0,0,0,0
31275,0,0,1,0,0,0,0
31300,0,0,1,0,0,0,0
31325,0,0,1,0,0,0,0
31350,0,0,1,0,0,0,0
31375,0,0,1,0,0,0,0
31400,0,0,1,0,0,0,0
31425,0,0,1,0,0,0,0
31450,0,0,1,0,0,0,0
31475,0,0,1,0,0,0,0
31500,0,0,1,0,0,0,0
31525,0,0,1,0,0,0,0
31550,0,0,1,0,0,0,0
31575,0,0,1,0,0,0,0
31600,0,0,1,0,0,0,0
31625,0,0,1,0,0,0,0
31650,0,0,1,0,0,0,0
31675,0,0,1,0,0,0,0
31700,0,0,1,0,0,0,0
31725,0,0,1,0,0,0,0
31750,0,0,1,0,0,0,0
31775,0,0,1,0,0,0,0
31800,0,0,1,0,0,0,0
31825,0,0,1,0,0,0,0
31850,0,0,1,0,0,0,0
31875,0,0,1,0,0,0,0
31900,0,0,1,0,0,0,0
31925,0,0,1,0,0,0,0
31950,0,0,1,0,0,0,0
31975,0,0,1,0,0,0,0
32000,0,0,1,0,0,0,0
32025,0,0,1,0,0,0,0
32050,0,0,0,0,0,0,0
32075,0,0,0,0,0,0,0
32100,0,0,0,0,0,0,0
32125,0,0,0,0,0,0,0
32150,0,0,0,0,0,0,0
32175,0,0,0,0,0,0,0
32200,0,0,0,0,0,0,0
32225,0,0,0,0,0,0,0
32250,0,0,0,0,0,0,0
32275,0,0,0,0,0,0,0
32300,0,0,0,0,0,0,0
32325,0,0,0,0,0,0,0
32350,0,0,0,0,0,0,0
32375,0,0,0,0,0,0,0
32400,0,0,0,0,0,0,0
32425,0,0,0,0,0,0,0
32450,0,0,0,0,0,0,0
32475,0,0,0,0,0,0,0
32500,0,0,0,0,0,0,0
32525,0,0,0,0,0,0,0
32550,0,0,0,0,0,0,0
32575,0,0,0,0,0,0,0
32600,0,0,0,0,0,0,0
32625,0,0,0,0,0,0,0
32650,0,0,0,0,0,0,0
32675,0,0,0,0,0,0,0
32700,0,0,0,0,0,0,0
32725,0,0,0,0,0,0,0
32750,0,0,1,0,0,0,0
32775,0,0,1,0,0,0,0
32800,0,0,1,0,0,0,0
32825,0,0,1,0,0,0,0
32850,0,0,1,0,0,0,0
32875,0,0,1,0,0,0,0
32900,0,0,1,0,0,0,0
32925,0,0,1,0,0,0,0
32950,0,0,1,0,0,0,0
32975,0,0,1,0,0,0,0
33000,0,0,1,0,0,0,0
33025,0,0,1,0,0,0,0
33050,0,0,1,0,0,0,0
33075,0,0,1,0,0,0,0
33100,0,0,1,0,0,0,0
33125,0,0,1,0,0,0,0
33150,0,0,1,0,0,0,0
33175,0,0,1,0,0,0,0
33200,0,0,1,0,0,0,0
33225,0,0,1,0,0,0,0
33250,0,0,1,0,0,0,0
33275,0,0,1,0,0,0,0
33300,0,0,1,0,0,0,0
33325,0,0,1,0,0,0,0
33350,0,0,1,0,0,0,0
33375,0,0,1,0,0,0,0
33400,0,0,1,0,0,0,0
33425,0,0,1,0,0,0,0
33450,0,0,1,0,0,0,0
33475,0,0,1,0,0,0,0
33500,0,0,1,0,0,0,0
33525,0,0,1,0,0,0,0
33550,0,0,1,0,0,0,0
33575,0,0,1,0,0,0,0
33600,0,0,1,0,0,0,0
33625,0,0,1,0,0,0,0
33650,0,0,1,0,0,0,0
33675,0,0,1,0,0,0,0
33700,0,0,1,0,0,0,0
33725,0,0,1,0,0,0,0
33750,0,0,1,0,0,0,0
33775,0,0,1,0,0,0,0
33800,0,0,1,0,0,0,0
33825,0,0,1,0,0,0,0
33850,0,0,1,0,0,0,0
33875,0,0,1,0,0,0,0
33900,0,0,1,0,0,0,0
33925,0,0,1,0,0,0,0
33950,0,0,1,0,0,0,0
33975,0,0,1,0,0,0,0
34000,0,0,1,0,0,0,0
34025,0,0,1,0,0,0,0
34050,0,0,1,0,0,0,0
34075,0,0,1,0,0,0,0
34100,0,0,1,0,0,0,0
34125,0,0,1,0,0,0,0
34150,0,0,1,0,0,0,0
34175,1,0,0,0,0,0,0
34200,1,0,0,0,0,0,0
34225,1,0,0,0,0,0,0
34250,1,0,0,0,0,0,0
34275,1,0,0,0,0,0,0
34300,1,0,0,0,0,0,0
34325,1,0,0,0,0,0,0
34350,1,0,0,0,0,0,0
34375,1,0,0,0,0,0,0
34400,1,0,0,0,0,0,0
34425,1,0,0,0,0,0,0
34450,1,0,0,0,0,0,0
34475,1,0,0,0,0,0,0
34500,1,0,0,0,0,0,0
34525,1,0,0,0,0,0,0
34550,1,0,0,0,0,0,0
34575,1,0,0,0,0,0,0
34600,1,0,0,0,0,0,0
34625,1,0,0,0,0,0,0
34650,1,0,0,0,0,0,0
34675,1,0,0,0,0,0,0
34700,0,0,1,0,0,0,0
34725,0,0,1,0,0,0,0
34750,0,0,1,0,0,0,0
34775,0,0,1,0,0,0,0
34800,0,0,1,0,0,0,0
34825,0,0,1,0,0,0,0
34850,0,0,1,0,0,0,0
34875,0,0,1,0,0,0,0
34900,0,0,1,0,0,0,0
34925,0,0,1,0,0,0,0
34950,0,0,1,0,0,0,0
34975,0,0,1,0,0,0,0
35000,0,0,1,0,0,0,0
35025,0,0,1,0,0,0,0
35050,0,0,1,0,0,0,0
35075,0,0,1,0,0,0,0
35100,0,0,1,0,0,0,0
35125,0,0,1,0,0,0,0
35150,0,0,1,0,0,0,0
35175,0,0,1,0,0,0,0
35200,0,0,1,0,0,0,0
35225,0,0,1,0,0,0,0
35250,0,0,1,0,0,0,0
35275,0,0,1,0,0,0,0
35300,0,0,1,0,0,0,0
35325,0,0,1,0,0,0,0
35350,0,0,1,0,0,0,0
35375,0,0,1,0,0,0,0
35400,0,0,1,0,0,0,0
35425,0,0,1,0,0,0,0
35450,0,0,1,0,0,0,0
35475,0,0,1,0,0,0,0
35500,0,0,1,0,0,0,0
35525,0,0,1,0,0,0,0
35550,0,0,1,0,0,0,0
35575,0,0,1,0,0,0,0
35600,0,0,1,0,0,0,0
35625,0,0,1,0,0,0,0
35650,0,0,1,0,0,0,0
35675,0,0,1,0,0,0,0
35700,0,0,1,0,0,0,0
35725,0,0,1,0,0,0,0
35750,0,0,1,0,0,0,0
35775,0,0,1,0,0,0,0
35800,0,0,1,0,0,0,0
35825,0,0,1,0,0,0,0
35850,0,0,1,0,0,0,0
35875,0,0,1,0,0,0,0
35900,0,0,1,0,0,0,0
35925,0,0,1,0,0,0,0
35950,0,0,1,0,0,0,0
35975,0,0,1,0,0,0,0
36000,0,0,1,0,0,0,0
36025,0,0,1,0,0,0,0
36050,0,0,1,0,0,0,0
36075,0,0,1,0,0,0,0
36100,0,0,1,0,0,0,0
36125,0,0,1,0,0,0,0
36150,0,0,1,0,0,0,0
36175,0,0,1,0,0,0,0
36200,1,0,0,0,0,0,0
36225,1,0,0,0,0,0,0
36250,1,0,0,0,0,0,0
36275,1,0,0,0,0,0,0
36300,1,0,0,0,0,0,0
36325,1,0,0,0,0,0,0
36350,1,0,0,0,0,0,0
36375,1,0,0,0,0,0,0
36400,1,0,0,0,0,0,0
36425,1,0,0,0,0,0,0
36450,1,0,0,0,0,0,0
36475,1,0,0,0,0,0,0
36500,1,0,0,0,0,0,0
36525,1,0,0,0,0,0,0
36550,1,0,0,0,0,0,0
36575,1,0,0,0,0,0,0
36600,1,0,0,0,0,0,0
36625,1,0,0,0,0,0,0
36650,1,0,0,0,0,0,0
36675,1,0,0,0,0,0,0
36700,1,0,0,0,0,0,0
36725,1,0,0,0,0,0,0
36750,1,0,0,0,0,0,0
36775,1,0,0,0,0,0,0
36800,1,0,0,0,0,0,0
36825,1,0,0,0,0,0,0
36850,1,0,0,0,0,0,0
36875,1,0,0,0,0,0,0
36900,1,0,0,0,0,0,0
36925,1,0,0,0,0,0,0
36950,0,0,1,0,0,1,0
36975,0,0,1,0,0,1,0
37000,0,0,1,0,0,1,0
37025,0,0,1,0,0,1,0
37050,0,0,1,0,0,1,0
37075,0,0,1,0,0,1,0
37100,0,0,1,0,0,1,0
37125,0,0,1,0,0,1,0
37150,0,0,1,0,0,1,0
37175,0,0,1,0,0,1,0
37200,0,0,1,0,0,1,0
37225,0,0,1,0,0,1,0
37250,0,0,1,0,0,1,0
37275,0,0,1,0,0,1,0
37300,0,0,1,0,0,1,0
37325,0,0,1,0,0,1,0
37350,0,0,1,0,0,1,0
37375,0,0,1,0,0,1,0
37400,0,0,1,0,0,1,0
37425,0,0,1,0,0,1,0
37450,0,0,1,0,0,1,0
37475,0,0,1,0,0,1,0
37500,0,0,1,0,0,1,0
37525,0,0,1,0,0,1,0
37550,0,0,1,0,0,1,0
37575,0,0,1,0,0,1,0
37600,0,0,1,0,0,1,0
37625,0,0,1,0,0,1,0
37650,0,0,1,0,0,1,0
37675,0,0,1,0,0,0,0
37700,0,0,1,0,0,0,0
37725,0,0,1,0,0,0,0
37750,0,0,1,0,0,0,0
37775,0,0,1,0,0,0,0
37800,0,0,1,0,0,0,0
37825,0,0,1,0,0,0,0
37850,0,0,1,0,0,0,0
37875,0,0,1,0,0,0,0
37900,0,0,1,0,0,0,0
37925,0,0,1,0,0,0,0
37950,0,0,1,0,0,0,0
37975,0,0,1,0,0,0,0
38000,0,0,1,0,0,0,0
38025,0,0,1,0,0,0,0
38050,0,0,1,0,0,0,0
38075,0,0,1,0,0,0,0
38100,0,0,1,0,0,0,0
38125,0,0,1,0,0,0,0
38150,0,0,1,0,0,0,0
38175,0,0,1,0,0,0,0
38200,0,0,1,0,0,0,0
38225,0,0,1,0,0,0,0
38250,0,0,1,0,0,0,0
38275,0,0,1,0,0,0,0
38300,0,0,1,0,0,0,0
38325,0,0,1,0,0,0,0
38350,0,0,1,0,0,0,0
38375,0,0,1,0,0,0,0
38400,0,0,1,0,0,0,0
38425,0,0,1,0,0,0,0
38450,0,0,1,0,0,0,0
38475,1,0,1,0,0,0,0
38500,1,0,1,0,0,0,0
38525,1,0,1,0,0,0,0
38550,1,0,1,0,0,0,0
38575,1,0,1,0,0,0,0
38600,1,0,1,0,0,0,0
38625,1,0,1,0,0,0,0
38650,1,0,1,0,0,0,0
38675,1,0,1,0,0,0,0
38700,1,0,1,0,0,0,0
38725,1,0,1,0,0,0,0
38750,1,0,1,0,0,0,0
38775,1,0,1,0,0,0,0
38800,1,0,1,0,0,0,0
38825,1,0,1,0,0,0,0
38850,1,0,1,0,0,0,0
38875,0,0,1,0,0,0,0
38900,0,0,1,0,0,0,0
38925,0,0,1,0,0,0,0
38950,0,0,1,0,0,0,0
38975,0,0,1,0,0,0,0
39000,0,0,1,0,0,0,0
39025,0,0,1,0,0,0,0
39050,0,0,1,0,0,0,0
39075,0,0,1,0,0,0,0
39100,0,0,1,0,0,0,0
39125,1,0,1,0,0,0,0
39150,1,0,1,0,0,0,0
39175,1,0,1,0,0,0,0
39200,1,0,1,0,0,0,0
39225,1,0,1,0,0,0,0
39250,1,0,1,0,0,0,0
39275,1,0,1,0,0,0,0
39300,1,0,1,0,0,0,0
39325,1,0,1,0,0,0,0
39350,1,0,1,0,0,0,0
39375,1,0,1,0,0,0,0
39400,1,0,1,0,0,0,0
39425,1,0,1,0,0,0,0
39450,1,0,1,0,0,0,0
39475,1,0,1,0,0,0,0
39500,1,0,1,0,0,0,0
39525,1,0,1,0,0,0,0
39550,1,0,1,0,0,0,0
39575,1,0,1,0,0,0,0
39600,1,0,1,0,0,0,0
39625,1,0,1,0,0,0,0
39650,1,0,1,0,0,0,0
39675,1,0,1,0,0,0,0
39700,0,0,1,0,0,0,0
39725,0,0,1,0,0,0,0
39750,0,0,1,0,0,0,0
39775,0,0,1,0,0,0,0
39800,0,0,1,0,0,0,0
39825,0,0,1,0,0,0,0
39850,0,0,1,0,0,0,0
39875,0,0,1,0,0,0,0
39900,0,0,1,0,0,0,0
39925,0,0,1,0,0,0,0
39950,0,0,1,0,0,0,0
39975,0,0,1,0,0,0,0
40000,0,0,1,0,0,0,0
40025,0,0,1,0,0,0,0
40050,0,0,1,0,0,0,0
40075,0,0,1,0,0,0,0
40100,0,0,1,0,0,0,0
40125,0,0,1,0,0,0,0
40150,0,0,1,0,0,0,0
40175,0,0,1,0,0,0,0
40200,0,0,1,0,0,0,0
40225,0,0,1,0,0,0,0
40250,0,0,1,0,0,0,0
40275,0,0,1,0,0,0,0
40300,0,0,1,0,0,0,0
40325,0,0,1,0,0,0,0
40350,0,0,1,0,0,0,0
40375,0,0,1,0,0,0,0
40400,0,0,1,0,0,0,0
40425,0,0,1,0,0,0,0
40450,0,0,1,0,0,0,0
40475,0,0,1,0,0,0,0
40500,0,0,1,0,0,0,0
40525,0,0,1,0,0,0,0
40550,0,0,1,0,0,0,0
40575,0,0,1,0,0,0,0
40600,0,0,1,0,0,0,0
40625,0,0,1,0,0,0,0
40650,0,0,1,0,0,0,0
40675,0,0,1,0,0,0,0
40700,0,0,1,0,0,0,0
40725,0,0,1,0,0,0,0
40750,0,0,1,0,0,0,0
40775,0,0,1,0,0,0,0
40800,0,0,1,0,0,0,0
40825,0,0,1,0,0,0,0
40850,0,0,1,0,0,0,0
40875,0,0,1,0,0,0,0
40900,0,0,1,0,0,0,0
40925,0,0,1,0,0,0,0
40950,0,0,1,0,0,0,0
40975,0,0,1,0,0,0,0
41000,0,0,1,0,0,0,0
41025,0,0,1,0,0,0,0
41050,0,0,1,0,0,0,0
41075,0,0,1,0,0,0,0
41100,0,0,1,0,0,0,0
41125,0,0,1,0,0,0,0
41150,0,0,1,0,0,0,0
41175,0,0,1,0,0,0,0
41200,0,0,1,0,0,0,0
41225,0,0,1,0,0,0,0
41250,0,0,1,0,0,0,0
41275,0,0,1,0,0,0,0
41300,0,0,1,0,0,1,0
41325,0,0,1,0,0,1,0
41350,0,0,1,0,0,1,0
41375,0,0,1,0,0,1,0
41400,0,0,1,0,0,1,0
41425,0,0,1,0,0,1,0
41450,0,0,1,0,0,1,0
41475,0,0,1,0,0,1,0
41500,0,0,1,0,0,1,0
41525,0,0,1,0,0,1,0
41550,0,0,1,0,0,1,0
41575,0,0,1,0,0,1,0
41600,0,0,1,0,0,1,0
41625,0,0,1,0,0,1,0
41650,0,0,1,0,0,1,0
41675,0,0,1,0,0,1,0
41700,0,0,1,0,0,1,0
41725,0,0,1,0,0,1,0
41750,0,0,1,0,0,1,0
41775,0,0,1,0,0,1,0
41800,0,0,1,0,0,1,0
41825,0,0,1,0,0,1,0
41850,0,0,1,0,0,1,0
41875,0,0,1,0,0,1,0
41900,0,0,1,0,0,1,0
41925,0,0,1,0,0,1,0
41950,0,0,1,0,0,1,0
41975,0,0,1,0,0,1,0
42000,0,0,1,0,0,1,0
42025,0,0,1,0,0,1,0
42050,0,0,1,0,0,1,0
42075,0,0,1,0,0,1,0
42100,0,0,1,0,0,1,0
42125,0,0,1,0,0,1,0
42150,0,0,1,0,0,1,0
42175,0,0,1,0,0,1,0
42200,0,0,1,0,0,1,0
42225,0,0,1,0,0,0,0
42250,0,0,1,0,0,0,0
42275,0,0,1,0,0,0,0
42300,0,0,1,0,0,0,0
42325,0,0,1,0,0,0,0
42350,0,0,1,0,0,0,0
42375,0,0,1,0,0,0,0
42400,0,0,1,0,0,0,0
42425,0,0,1,0,0,0,0
42450,0,0,1,0,0,0,0
42475,0,0,1,0,0,0,0
42500,0,0,1,0,0,0,0
42525,0,0,1,0,0,0,0
42550,0,0,1,0,0,0,0
42575,0,0,1,0,0,0,0
42600,0,0,1,0,0,0,0
42625,0,0,1,0,0,0,0
42650,0,0,1,0,0,0,0
42675,0,0,1,0,0,0,0
42700,0,0,1,0,0,0,0
42725,0,0,1,0,0,0,0
42750,0,0,1,0,0,0,0
42775,0,0,1,0,0,0,0
42800,0,0,1,0,0,0,0
42825,0,0,1,0,0,0,0
42850,0,0,1,0,0,0,0
42875,0,0,1,0,0,0,0
42900,0,0,1,0,0,0,0
42925,1,0,1,0,0,0,0
42950,1,0,1,0,0,0,0
42975,1,0,1,0,0,0,0
43000,1,0,1,0,0,0,0
43025,1,0,1,0,0,0,0
43050,1,0,1,0,0,0,0
43075,1,0,1,0,0,0,0
43100,1,0,1,0,0,0,0
43125,1,0,1,0,0,0,0
43150,1,0,1,0,0,0,0
43175,1,0,1,0,0,0,0
43200,1,0,1,0,0,0,0
43225,1,0,1,0,0,0,0
43250,1,0,1,0,0,0,0
43275,1,0,1,0,0,0,0
43300,1,0,1,0,0,0,0
43325,1,0,1,0,0,0,0
43350,1,0,1,0,0,0,0
43375,1,0,1,0,0,0,0
43400,1,0,1,0,0,0,0
43425,1,0,1,0,0,0,0
43450,1,0,1,0,0,0,0
43475,0,0,1,0,0,0,0
43500,0,0,1,0,0,0,0
43525,0,0,1,0,0,0,0
43550,0,0,1,0,0,0,0
43575,0,0,1,0,0,0,0
43600,0,0,1,0,0,0,0
43625,0,0,1,0,0,0,0
43650,0,0,1,0,0,0,0
43675,0,0,1,0,0,0,0
43700,0,0,1,0,0,0,0
43725,0,0,1,0,0,0,0
43750,0,0,1,0,0,0,0
43775,0,0,1,0,0,0,0
43800,0,0,1,0,0,0,0
43825,0,0,1,0,0,0,0
43850,0,0,1,0,0,0,0
43875,0,0,1,0,0,0,0
43900,0,0,1,0,0,0,0
43925,0,0,1,0,0,0,0
43950,0,0,1,0,0,0,0
43975,0,0,1,0,0,0,0
44000,0,0,1,0,0,0,0
44025,0,0,1,0,0,0,0
44050,0,0,1,0,0,0,0
44075,0,0,1,0,0,0,0
44100,0,0,1,0,0,0,0
44125,0,0,1,0,0,0,0
44150,0,0,1,0,0,0,0
44175,0,0,1,0,0,0,0
44200,0,0,1,0,0,0,0
44225,0,0,1,0,0,0,0
44250,0,0,1,0,0,0,0
44275,0,0,1,0,0,0,0
44300,0,0,1,0,0,0,0
44325,0,0,1,0,0,0,0
44350,0,0,1,0,0,0,0
44375,0,0,1,0,0,0,0
44400,0,0,1,0,0,0,0
44425,0,0,1,0,0,0,0
44450,0,0,1,0,0,0,0
44475,0,0,1,0,0,0,0
44500,0,0,1,0,0,0,0
44525,0,0,1,0,0,0,0
44550,1,0,1,0,0,0,0
44575,1,0,1,0,0,0,0
44600,1,0,1,0,0,0,0
44625,1,0,1,0,0,0,0
44650,1,0,1,0,0,0,0
44675,1,0,1,0,0,0,0
44700,1,0,1,0,0,0,0
44725,1,0,1,0,0,0,0
44750,1,0,1,0,0,0,0
44775,1,0,1,0,0,0,0
44800,1,0,1,0,0,0,0
44825,1,0,1,0,0,0,0
44850,1,0,1,0,0,0,0
44875,1,0,1,0,0,0,0
44900,1,0,1,0,0,0,0
44925,1,0,1,0,0,0,0
44950,1,0,1,0,0,0,0
44975,1,0,1,0,0,0,0
45000,1,0,1,0,0,0,0
45025,1,0,1,0,0,0,0
45050,1,0,1,0,0,0,0
45075,1,0,1,0,0,0,0
45100,0,0,1,0,0,0,0
45125,0,0,1,0,0,0,0
45150,0,0,1,0,0,0,0
45175,0,0,1,0,0,0,0
45200,0,0,1,0,0,0,0
45225,0,0,1,0,0,0,0
45250,0,0,1,0,0,0,0
45275,0,0,1,0,0,0,0
45300,0,0,1,0,0,0,0
45325,0,0,1,0,0,0,0
45350,0,0,1,0,0,0,0
45375,0,0,1,0,0,0,0
45400,0,0,1,0,0,0,0
45425,0,0,1,0,0,0,0
45450,0,0,1,0,0,0,0
45475,0,0,1,0,0,0,0
45500,0,0,1,0,0,0,0
45525,0,0,1,0,0,0,0
45550,0,0,1,0,0,0,0
45575,0,0,1,0,0,0,0
45600,0,0,1,0,0,0,0
45625,0,0,1,0,0,0,0
45650,0,0,1,0,0,0,0
45675,0,0,1,0,0,0,0
45700,0,0,1,0,0,0,0
45725,0,0,1,0,0,0,0
45750,0,0,1,0,0,0,0
45775,0,0,1,0,0,0,0
45800,0,0,1,0,0,0,0
45825,0,0,1,0,0,0,0
45850,0,0,1,0,0,0,0
45875,0,0,1,0,0,0,0
45900,0,0,1,0,0,0,0
45925,0,0,1,0,0,0,0
45950,0,0,1,0,0,0,0
45975,0,0,1,0,0,0,0
46000,1,0,1,0,0,0,0
46025,1,0,1,0,0,0,0
46050,1,0,1,0,0,0,0
46075,1,0,1,0,0,0,0
46100,1,0,1,0,0,0,0
46125,1,0,1,0,0,0,0
46150,1,0,1,0,0,0,0
46175,1,0,1,0,0,0,0
46200,1,0,1,0,0,0,0
46225,1,0,1,0,0,0,0
46250,1,0,1,0,0,0,0
46275,1,0,1,0,0,0,0
46300,1,0,1,0,0,0,0
46325,1,0,1,0,0,0,0
46350,1,0,1,0,0,0,0
46375,1,0,1,0,0,0,0
46400,1,0,1,0,0,0,0
46425,1,0,1,0,0,0,0
46450,1,0,1,0,0,0,0
46475,1,0,1,0,0,0,0
46500,1,0,1,0,0,0,0
46525,1,0,1,0,0,0,0
46550,1,0,1,0,0,0,0
46575,1,0,1,0,0,0,0
46600,1,0,1,0,0,0,0
46625,1,0,1,0,0,0,0
46650,1,0,1,0,0,0,0
46675,1,0,1,0,0,0,0
46700,1,0,1,0,0,0,0
46725,0,0,1,0,0,0,0
46750,0,0,1,0,0,0,0
46775,0,0,1,0,0,0,0
46800,0,0,1,0,0,0,0
46825,0,0,1,0,0,0,0
46850,0,0,1,0,0,0,0
46875,0,0,1,0,0,0,0
46900,0,0,1,0,0,0,0
46925,0,0,1,0,0,0,0
46950,0,0,1,0,0,0,0
46975,0,0,1,0,0,0,0
47000,0,0,1,0,0,0,0
47025,0,0,1,0,0,0,0
47050,0,0,1,0,0,0,0
47075,0,0,1,0,0,0,0
47100,0,0,1,0,0,0,0
47125,0,0,1,0,0,0,0
47150,0,0,1,0,0,0,0
47175,0,0,1,0,0,0,0
47200,0,0,1,0,0,0,0
47225,0,0,1,0,0,0,0
47250,0,0,1,0,0,0,0
47275,0,0,1,0,0,0,0
47300,0,0,1,0,0,0,0
47325,0,0,1,0,0,0,0
47350,0,0,1,0,0,0,0
47375,0,0,1,0,0,0,0
47400,0,0,1,0,0,0,0
47425,0,0,1,0,0,0,0
47450,0,0,1,0,0,0,0
47475,0,0,1,0,0,0,0
47500,0,0,1,0,0,0,0
47525,0,0,1,0,0,0,0
47550,0,0,1,0,0,0,0
47575,0,0,1,0,0,0,0
47600,0,0,1,0,0,0,0
47625,0,0,1,0,0,0,0
47650,0,1,0,0,0,1,0
47675,0,1,0,0,0,1,0
47700,0,1,0,0,0,1,0
47725,0,1,0,0,0,1,0
47750,0,1,0,0,0,1,0
47775,0,1,0,0,0,1,0
47800,0,1,0,0,0,1,0
47825,0,1,0,0,0,1,0
47850,0,1,0,0,0,1,0
47875,0,1,0,0,0,1,0
47900,0,1,0,0,0,1,0
47925,0,1,0,0,0,1,0
47950,0,1,0,0,0,1,0
47975,0,1,0,0,0,1,0
48000,0,1,0,0,0,1,0
48025,0,1,0,0,0,1,0
48050,0,1,0,0,0,1,0
48075,0,1,0,0,0,1,0
48100,0,1,0,0,0,1,0
48125,0,1,0,0,0,1,0
48150,0,1,0,0,0,1,0
48175,0,1,0,0,0,1,0
48200,0,1,0,0,0,1,0
48225,0,1,0,0,0,1,0
48250,0,1,0,0,0,1,0
48275,0,1,0,0,0,1,0
48300,0,1,0,0,0,1,0
48325,0,0,1,0,0,0,0
48350,0,0,1,0,0,0,0
48375,0,0,1,0,0,0,0
48400,0,0,1,0,0,0,0
48425,0,0,1,0,0,0,0
48450,0,0,1,0,0,0,0
48475,0,0,1,0,0,0,0
48500,0,0,1,0,0,0,0
48525,0,0,1,0,0,0,0
48550,0,0,1,0,0,0,0
48575,0,0,1,0,0,0,0
48600,0,0,1,0,0,0,0
48625,0,0,1,0,0,0,0
48650,0,0,1,0,0,0,0
48675,0,0,1,0,0,0,0
48700,0,0,1,0,0,0,0
48725,0,0,1,0,0,0,0
48750,0,0,1,0,0,0,0
48775,0,0,1,0,0,0,0
48800,0,0,1,0,0,0,0
48825,0,0,1,0,0,0,0
48850,0,0,1,0,0,0,0
48875,0,0,1,0,0,0,0
48900,0,0,1,0,0,0,0
48925,0,0,1,0,0,0,0
48950,0,0,1,0,0,0,0
48975,0,0,1,0,0,0,0
49000,0,0,1,0,0,0,0
49025,1,0,1,0,0,0,0
49050,1,0,1,0,0,0,0
49075,1,0,1,0,0,0,0
49100,1,0,1,0,0,0,0
49125,1,0,1,0,0,0,0
49150,1,0,1,0,0,0,0
49175,1,0,1,0,0,0,0
49200,1,0,1,0,0,0,0
49225,1,0,1,0,0,0,0
49250,1,0,1,0,0,0,0
49275,1,0,1,0,0,0,0
49300,1,0,1,0,0,0,0
49325,1,0,1,0,0,0,0
49350,1,0,1,0,0,0,0
49375,1,0,1,0,0,0,0
49400,1,0,1,0,0,0,0
49425,1,0,1,0,0,0,0
49450,1,0,1,0,0,0,0
49475,1,0,1,0,0,0,0
49500,1,0,1,0,0,0,0
49525,1,0,1,0,0,0,0
49550,1,0,1,0,0,0,0
49575,1,0,1,0,0,0,0
49600,1,0,1,0,0,0,0
49625,0,0,1,0,0,0,0
49650,0,0,1,0,0,0,0
49675,0,0,1,0,0,0,0
49700,0,0,1,0,0,0,0
49725,0,0,1,0,0,0,0
49750,0,0,1,0,0,0,0
49775,0,0,1,0,0,0,0
49800,0,0,1,0,0,0,0
49825,0,0,1,0,0,0,0
49850,0,0,1,0,0,0,0
49875,0,0,1,0,0,0,0
49900,0,0,1,0,0,0,0
49925,0,0,1,0,0,0,0
49950,0,0,1,0,0,0,0
49975,0,0,1,0,0,0,0
50000,0,0,1,0,0,0,0
50025,0,0,1,0,0,0,0
50050,0,0,1,0,0,0,0
50075,0,0,1,0,0,0,0
50100,0,0,1,0,0,0,0
50125,0,0,1,0,0,0,0
50150,0,0,1,0,0,0,0
50175,0,0,1,0,0,0,0
50200,0,0,1,0,0,0,0
50225,0,0,1,0,0,0,0
50250,0,0,1,0,0,0,0
50275,0,0,1,0,0,0,0
50300,0,0,1,0,0,0,0
50325,0,0,1,0,0,0,0
50350,0,0,1,0,0,0,0
50375,0,0,1,0,0,0,0
50400,0,0,1,0,0,0,0
50425,0,0,1,0,0,0,0
50450,0,0,1,0,0,0,0
50475,0,0,1,0,0,0,0
50500,0,0,1,0,0,0,0
50525,0,0,1,0,0,0,0
50550,0,0,1,0,0,0,0
50575,0,0,1,0,0,0,0
50600,0,0,1,0,0,0,0
50625,0,0,1,0,0,0,0
50650,0,0,1,0,0,0,0
50675,0,0,1,0,0,0,0
50700,0,0,1,0,0,0,0
50725,0,0,1,0,0,0,0
50750,0,0,1,0,0,0,0
50775,0,0,1,0,0,0,0
50800,0,0,1,0,0,0,0
50825,0,0,1,0,0,0,0
50850,0,0,1,0,0,0,0
50875,0,0,1,0,0,0,0
50900,0,0,1,0,0,0,0
50925,0,0,1,0,0,0,0
50950,0,0,1,0,0,0,0
50975,0,0,1,0,0,0,0
51000,0,0,1,0,0,0,0
51025,0,0,1,0,0,0,0
51050,0,0,1,0,0,0,0
51075,0,0,1,0,0,0,0
51100,0,0,1,0,0,0,0
51125,0,0,1,0,0,0,0
51150,0,0,1,0,0,0,0
51175,0,0,1,0,0,0,0
51200,0,0,1,0,0,0,0
51225,0,0,1,0,0,0,0
51250,0,0,1,0,0,0,0
51275,0,0,1,0,0,0,0
51300,0,0,1,0,0,0,0
51325,0,0,1,0,0,0,0
51350,0,0,1,0,0,0,0
51375,0,0,1,0,0,0,0
51400,0,0,1,0,0,0,0
51425,0,0,1,0,0,0,0
51450,0,0,1,0,0,0,0
51475,0,0,1,0,0,0,0
51500,0,0,1,0,0,0,0
51525,0,0,1,0,0,0,0
51550,0,0,1,0,0,0,0
51575,0,0,1,0,0,0,0
51600,0,0,0,0,0,0,1
51625,0,0,0,0,0,0,1
51650,0,0,0,0,0,0,1
51675,0,0,0,0,0,0,1
51700,0,0,0,0,0,0,1
51725,0,0,0,0,0,0,1
51750,0,0,0,0,0,0,1
51775,0,0,0,0,0,0,1
51800,0,0,0,0,0,0,1
51825,0,0,0,0,0,0,1
51850,0,0,0,0,0,0,1
51875,0,0,0,0,0,0,1
51900,0,0,0,0,0,0,1
51925,0,0,0,0,0,0,1
51950,0,0,0,0,0,0,1
51975,0,0,0,0,0,0,1
52000,0,0,0,0,0,0,1
52025,0,0,0,0,0,0,1
52050,1,0,0,0,0,0,1
52075,1,0,0,0,0,0,1
52100,1,0,0,0,0,0,1
52125,1,0,0,0,0,0,1
52150,1,0,0,0,0,0,1
52175,1,0,0,0,0,0,1
52200,1,0,0,0,0,0,1
52225,1,0,0,0,0,0,1
52250,1,0,0,0,0,0,1
52275,1,0,0,0,0,0,1
52300,1,0,0,0,0,0,1
52325,1,0,0,0,0,0,1
52350,1,0,0,0,0,0,1
52375,1,0,0,0,0,0,1
52400,1,0,0,0,0,0,1
52425,1,0,0,0,0,0,1
52450,1,0,0,0,0,0,1
52475,1,0,0,0,0,0,1
52500,1,0,0,0,0,0,1
52525,1,0,0,0,0,0,1
52550,1,0,0,0,0,0,1
52575,1,0,0,0,0,0,1
52600,1,0,0,0,0,0,1
52625,1,0,0,0,0,0,1
52650,1,0,0,0,0,0,1
52675,1,0,0,0,0,0,1
52700,0,0,0,0,0,0,0
52725,0,0,0,0,0,0,0
52750,0,0,0,0,0,0,0
52775,0,0,0,0,0,0,0
52800,0,0,0,0,0,0,0
52825,0,0,0,0,0,0,0
52850,0,0,0,0,0,0,0
52875,0,0,0,0,0,0,0
52900,0,0,0,0,0,0,0
52925,0,0,0,0,0,0,0
52950,0,0,0,0,0,0,0
52975,0,0,0,0,0,0,0
53000,0,0,0,0,0,0,0
53025,0,0,0,0,0,0,0
53050,0,0,0,0,0,0,0
53075,0,0,0,0,0,0,0
53100,0,0,0,0,0,0,0
53125,0,0,0,0,0,0,0
53150,0,0,0,0,0,0,0
53175,0,0,0,0,0,0,0
53200,0,0,0,0,0,0,0
53225,0,0,0,0,0,0,0
53250,0,0,0,0,0,0,0
53275,0,0,0,0,0,0,0
53300,0,0,0,0,0,0,0
53325,0,0,0,0,0,0,0
53350,0,0,0,0,0,0,0
53375,0,0,0,0,0,0,0
53400,0,0,0,0,0,0,0
53425,0,0,0,0,0,0,0
53450,0,0,0,0,0,0,0
53475,0,0,0,0,0,0,0
53500,0,0,0,0,0,0,0
53525,0,0,0,0,0,0,0
53550,0,0,0,0,0,0,0
53575,0,0,0,0,0,0,0
53600,1,0,0,0,0,0,1
53625,1,0,0,0,0,0,1
53650,1,0,0,0,0,0,1
53675,1,0,0,0,0,0,1
53700,1,0,0,0,0,0,1
53725,1,0,0,0,0,0,1
53750,1,0,0,0,0,0,1
53775,1,0,0,0,0,0,1
53800,1,0,0,0,0,0,1
53825,1,0,0,0,0,0,1
53850,1,0,0,0,0,0,1
53875,1,0,0,0,0,0,1
53900,1,0,0,0,0,0,1
53925,1,0,0,0,0,0,1
53950,1,0,0,0,0,0,1
53975,1,0,0,0,0,0,1
54000,1,0,0,0,0,0,1
54025,1,0,0,0,0,0,1
54050,1,0,0,0,0,0,1
54075,1,0,0,0,0,0,1
54100,1,0,0,0,0,0,1
54125,1,0,0,0,0,0,1
54150,1,0,0,0,0,0,1
54175,1,0,0,0,0,0,1
54200,1,0,0,0,0,0,1
54225,1,0,0,0,0,0,1
54250,1,0,0,0,0,0,1
54275,1,0,0,0,0,0,1
54300,1,0,0,0,0,0,1
54325,0,0,0,0,0,0,1
54350,0,0,0,0,0,0,1
54375,0,0,0,0,0,0,1
54400,0,0,0,0,0,0,1
54425,0,0,0,0,0,0,1
54450,0,0,0,0,0,0,1
54475,0,0,0,0,0,0,1
54500,0,0,0,0,0,0,1
54525,0,0,0,0,0,0,1
54550,0,0,0,0,0,0,1
54575,0,0,0,0,0,0,1
54600,0,0,0,0,0,0,1
54625,0,0,0,0,0,0,1
54650,0,0,0,0,0,0,1
54675,0,0,0,0,0,0,1
54700,0,0,0,0,0,0,1
54725,0,0,0,0,0,0,1
54750,0,0,0,0,0,0,1
54775,0,0,0,0,0,0,1
54800,0,0,0,0,0,0,1
54825,0,0,0,0,0,0,1
54850,0,0,0,0,0,0,1
54875,0,0,0,0,0,0,1
54900,0,0,0,0,0,0,1
54925,1,0,0,0,0,1,0
54950,1,0,0,0,0,1,0
54975,1,0,0,0,0,1,0
55000,1,0,0,0,0,1,0
55025,1,0,0,0,0,1,0
55050,1,0,0,0,0,1,0
55075,1,0,0,0,0,1,0
55100,1,0,0,0,0,1,0
55125,1,0,0,0,0,1,0
55150,1,0,0,0,0,1,0
55175,1,0,0,0,0,1,0
55200,1,0,0,0,0,1,0
55225,1,0,0,0,0,1,0
55250,1,0,0,0,0,1,0
55275,1,0,0,0,0,1,0
55300,1,0,0,0,0,1,0
55325,1,0,0,0,0,1,0
55350,1,0,0,0,0,1,0
55375,1,0,0,0,0,1,0
55400,1,0,0,0,0,1,0
55425,1,0,0,0,0,1,0
55450,1,0,0,0,0,1,0
55475,1,0,0,0,0,1,0
55500,1,0,0,0,0,1,0
55525,1,0,0,0,0,1,0
55550,1,0,0,0,0,1,0
55575,1,0,0,0,0,1,0
55600,1,0,0,0,0,1,0
55625,1,0,0,0,0,1,0
55650,1,0,0,0,0,1,0
55675,1,0,0,0,0,1,0
55700,1,0,0,0,0,1,0
55725,1,0,0,0,0,1,0
55750,1,0,0,0,0,1,0
55775,1,0,0,0,0,1,0
55800,1,0,0,0,0,1,0
55825,1,0,0,0,0,1,0
55850,1,0,0,0,0,1,0
55875,1,0,0,0,0,1,0
55900,1,0,0,0,0,1,0
55925,1,0,0,0,0,1,0
55950,1,0,0,0,0,1,0
55975,1,0,0,0,0,1,0
56000,1,0,0,0,0,1,0
56025,1,0,0,0,0,1,0
56050,1,0,0,0,0,1,0
56075,1,0,0,0,0,1,0
56100,1,0,0,0,0,1,0
56125,1,0,0,0,0,1,0
56150,1,0,0,0,0,1,0
56175,1,0,0,0,0,1,0
56200,1,0,0,0,0,1,0
56225,1,0,0,0,0,1,0
56250,1,0,0,0,0,1,0
56275,1,0,0,0,0,1,0
56300,1,0,0,0,0,1,0
56325,1,0,0,0,0,1,0
56350,1,0,0,0,0,1,0
56375,1,0,0,0,0,1,0
56400,1,0,0,0,0,1,0
56425,1,0,0,0,0,1,0
56450,1,0,0,0,0,1,0
56475,0,1,0,0,0,1,0
56500,0,1,0,0,0,1,0
56525,0,1,0,0,0,1,0
56550,0,1,0,0,0,1,0
56575,0,1,0,0,0,1,0
56600,0,1,0,0,0,1,0
56625,0,1,0,0,0,1,0
56650,0,1,0,0,0,1,0
56675,0,1,0,0,0,1,0
56700,0,1,0,0,0,1,0
56725,0,1,0,0,0,1,0
56750,0,1,0,0,0,1,0
56775,0,1,0,0,0,1,0
56800,0,1,0,0,0,1,0
56825,0,1,0,0,0,1,0
56850,0,1,0,0,0,1,0
56875,0,1,0,0,0,1,0
56900,0,1,0,0,0,1,0
56925,0,1,0,0,0,1,0
56950,0,1,0,0,0,1,0
56975,0,1,0,0,0,1,0
57000,0,1,0,0,0,1,0
57025,0,1,0,0,0,1,0
57050,0,1,0,0,0,1,0
57075,0,1,0,0,0,1,0
57100,0,1,0,0,0,1,0
57125,0,1,0,0,0,1,0
57150,0,1,0,0,0,1,0
57175,0,1,0,0,0,1,0
57200,1,0,0,0,0,0,0
57225,1,0,0,0,0,0,0
57250,1,0,0,0,0,0,0
57275,1,0,0,0,0,0,0
57300,1,0,0,0,0,0,0
57325,1,0,0,0,0,0,0
57350,1,0,0,0,0,0,0
57375,1,0,0,0,0,0,0
57400,1,0,0,0,0,0,0
57425,1,0,0,0,0,0,0
57450,1,0,0,0,0,0,0
57475,1,0,0,0,0,0,0
57500,1,0,0,0,0,0,0
57525,1,0,0,0,0,0,0
57550,1,0,0,0,0,0,0
57575,1,0,0,0,0,0,0
57600,1,0,0,0,0,0,0
57625,1,0,0,0,0,0,0
57650,1,0,0,0,0,0,0
57675,1,0,0,0,0,0,0
57700,1,0,0,0,0,0,0
57725,1,0,0,0,0,0,0
57750,1,0,0,0,0,0,0
57775,1,0,0,0,0,0,0
57800,1,0,0,0,0,0,0
57825,1,0,0,0,0,0,0
57850,1,0,0,0,0,0,0
57875,1,0,0,0,0,0,0
57900,1,0,0,0,0,0,0
57925,1,0,0,0,0,0,1
57950,1,0,0,0,0,0,1
57975,1,0,0,0,0,0,1
58000,1,0,0,0,0,0,1
58025,1,0,0,0,0,0,1
58050,1,0,0,0,0,0,1
58075,1,0,0,0,0,0,1
58100,1,0,0,0,0,0,1
58125,1,0,0,0,0,0,1
58150,1,0,0,0,0,0,1
58175,1,0,0,0,0,0,1
58200,1,0,0,0,0,0,1
58225,1,0,0,0,0,0,1
58250,1,0,0,0,0,0,1
58275,1,0,0,0,0,0,1
58300,1,0,0,0,0,0,1
58325,1,0,0,0,0,0,1
58350,1,0,0,0,0,0,1
58375,1,0,0,0,0,0,1
58400,1,0,0,0,0,0,1
58425,1,0,0,0,0,0,1
58450,1,0,0,0,0,0,1
58475,1,0,0,0,0,0,1
58500,1,0,0,0,0,0,1
58525,1,0,0,0,0,0,1
58550,1,0,0,0,0,0,1
58575,1,0,0,0,0,0,1
58600,1,0,0,0,0,0,1
58625,1,0,0,0,0,0,1
58650,1,0,0,0,0,0,1
58675,1,0,0,0,0,0,1
58700,1,0,0,0,0,0,1
58725,1,0,0,0,0,0,1
58750,1,0,0,0,0,0,1
58775,1,0,0,0,0,0,1
58800,1,0,0,0,0,0,1
58825,1,0,0,0,0,0,1
58850,1,0,0,0,0,0,1
58875,1,0,0,0,0,0,1
58900,1,0,0,0,0,0,1
58925,1,0,0,0,0,0,1
58950,1,0,0,0,0,0,1
58975,1,0,0,0,0,0,1
59000,1,0,0,0,0,0,1
59025,1,0,0,0,0,0,1
59050,1,0,0,0,0,0,1
59075,1,0,0,0,0,0,1
59100,1,0,0,0,0,0,1
59125,1,1,0,0,0,0,1
59150,1,1,0,0,0,0,1
59175,1,1,0,0,0,0,1
59200,1,1,0,0,0,0,1
59225,1,1,0,0,0,0,1
59250,1,1,0,0,0,0,1
59275,1,1,0,0,0,0,1
59300,1,1,0,0,0,0,1
59325,1,1,0,0,0,0,1
59350,1,1,0,0,0,0,1
59375,1,1,0,0,0,0,1
59400,1,1,0,0,0,0,1
59425,1,1,0,0,0,0,1
59450,1,1,0,0,0,0,1
59475,1,1,0,0,0,0,1
59500,1,1,0,0,0,0,1
59525,1,1,0,0,0,0,1
59550,1,1,0,0,0,0,1
59575,1,1,0,0,0,0,1
59600,1,1,0,0,0,0,1
59625,1,1,0,0,0,0,1
59650,1,1,0,0,0,0,1
59675,1,1,0,0,0,0,1
59700,1,1,0,0,0,0,1
59725,1,1,0,0,0,0,1
59750,1,1,0,0,0,0,1
59775,1,1,0,0,0,0,1
59800,1,1,0,0,0,0,1
59825,1,1,0,0,0,0,1
59850,1,1,0,0,0,0,1
59875,1,1,0,0,0,0,1
59900,1,1,0,0,0,0,1
59925,1,1,0,0,0,0,1
59950,1,1,0,0,0,0,1
59975,1,0,0,0,0,0,0
60000,1,0,0,0,0,0,0
60025,1,0,0,0,0,0,0
60050,1,0,0,0,0,0,0
60075,1,0,0,0,0,0,0
60100,1,0,0,0,0,0,0
60125,1,0,0,0,0,0,0
60150,1,0,0,0,0,0,0
60175,1,0,0,0,0,0,0
60200,1,0,0,0,0,0,0
60225,1,0,0,0,0,0,0
60250,1,0,0,0,0,0,0
60275,1,0,0,0,0,0,0
60300,1,0,0,0,0,0,0
60325,1,0,0,0,0,0,0
60350,1,0,0,0,0,0,0
60375,1,0,0,0,0,0,0
60400,1,0,0,0,0,0,0
60425,1,0,0,0,0,0,0
60450,1,0,0,0,0,0,0
60475,1,0,0,0,0,0,0
60500,1,0,0,0,0,0,0
60525,1,0,0,0,0,0,0
60550,1,0,0,0,0,0,0
60575,1,0,0,0,0,0,0
60600,1,0,0,0,0,0,0
60625,1,0,0,0,0,0,0
60650,1,0,0,0,0,0,0
60675,1,0,0,0,0,0,0
60700,1,0,0,0,0,0,0
60725,1,0,0,0,0,0,0
60750,1,0,0,0,0,0,0
60775,1,0,0,0,0,0,0
60800,1,0,0,0,0,0,0
60825,1,0,0,0,0,0,0
60850,1,0,0,0,0,0,0
60875,1,0,0,0,0,0,0
60900,1,0,0,0,0,0,0
60925,1,0,0,0,0,0,0
60950,1,0,0,0,0,0,0
60975,1,0,0,0,0,0,0
61000,1,0,0,0,0,0,0
61025,1,0,0,0,0,0,0
61050,1,0,0,0,0,0,0
61075,1,0,0,0,0,0,0
61100,1,0,0,0,0,0,0
61125,1,0,0,0,0,0,0
61150,1,0,0,0,0,0,0
61175,1,0,0,0,0,0,0
61200,1,0,0,0,0,0,0
61225,1,0,0,0,0,0,0
61250,1,0,0,0,0,0,0
61275,1,0,0,0,0,0,0
61300,1,0,0,0,0,0,0
61325,0,0,0,0,0,0,0
61350,0,0,0,0,0,0,0
61375,0,0,0,0,0,0,0
61400,0,0,0,0,0,0,0
61425,0,0,0,0,0,0,0
61450,0,0,0,0,0,0,0
61475,0,0,0,0,0,0,0
61500,0,0,0,0,0,0,0
61525,0,0,0,0,0,0,0
61550,0,0,0,0,0,0,0
61575,0,0,0,0,0,0,0
61600,0,0,0,0,0,0,0
61625,0,0,0,0,0,0,0
61650,0,0,0,0,0,0,0
61675,0,0,0,0,0,0,0
61700,0,0,0,0,0,0,0
61725,0,0,0,0,0,0,0
61750,0,0,0,0,0,0,0
61775,0,0,0,0,0,0,0
61800,0,0,0,0,0,0,0
61825,0,0,0,0,0,0,0
61850,0,0,0,0,0,0,0
61875,0,0,0,0,0,0,0
61900,0,0,0,0,0,0,0
61925,0,0,0,0,0,0,0
61950,0,0,0,0,0,0,0
61975,0,0,0,0,0,0,0
62000,0,0,0,0,0,0,0
62025,0,0,0,0,0,0,0
62050,0,0,0,0,0,0,0
62075,0,0,0,0,0,0,0
62100,0,0,0,0,0,0,0
62125,0,0,0,0,0,0,0
62150,0,0,0,0,0,0,0
62175,0,0,0,0,0,0,0
62200,0,0,0,0,0,0,0
62225,0,0,0,0,0,0,0
62250,0,0,0,0,0,0,1
62275,0,0,0,0,0,0,1
62300,0,0,0,0,0,0,1
62325,0,0,0,0,0,0,1
62350,0,0,0,0,0,0,1
62375,0,0,0,0,0,0,1
62400,0,0,0,0,0,0,1
62425,0,0,0,0,0,0,1
62450,0,0,0,0,0,0,1
62475,0,0,0,0,0,0,1
62500,0,0,0,0,0,0,1
62525,0,0,0,0,0,0,1
62550,0,0,0,0,0,0,1
62575,0,0,0,0,0,0,1
62600,0,0,0,0,0,0,1
62625,0,0,0,0,0,0,1
62650,0,0,0,0,0,0,1
62675,0,0,0,0,0,0,1
62700,0,0,0,0,0,0,1
62725,0,0,0,0,0,0,1
62750,0,0,0,0,0,0,1
62775,0,0,0,0,0,0,1
62800,0,0,0,0,0,0,1
62825,0,0,0,0,0,0,1
62850,0,0,0,0,0,0,1
62875,0,0,0,0,0,0,1
62900,0,0,0,0,0,0,1
62925,0,0,0,0,0,0,1
62950,0,0,0,0,0,0,1
62975,0,0,0,0,0,0,1
63000,0,0,0,0,0,0,1
63025,0,0,0,0,0,0,1
63050,0,0,0,0,0,0,1
63075,0,0,0,0,0,0,1
