Frame,Grasper,Bipolar,Hook,Scissors,Clipper,Irrigator,SpecimenBag
0,0,0,0,0,0,0,0
25,0,0,0,0,0,0,0
50,0,0,0,0,0,0,0
75,0,0,0,0,0,0,0
100,0,0,0,0,0,0,0
125,0,0,0,0,0,0,0
150,0,0,0,0,0,0,0
175,0,0,0,0,0,0,0
200,0,0,0,0,0,0,0
225,0,0,0,0,0,0,0
250,0,0,0,0,0,0,0
275,0,0,0,0,0,0,0
300,0,0,0,0,0,0,0
325,0,0,0,0,0,0,0
350,0,0,0,0,0,0,0
375,0,0,0,0,0,0,0
400,0,0,0,0,0,0,0
425,0,0,0,0,0,0,0
450,0,0,0,0,0,0,0
475,0,0,0,0,0,0,0
500,0,0,0,0,0,0,0
525,0,0,0,0,0,0,0
550,0,0,0,0,0,0,0
575,0,0,0,0,0,0,0
600,0,0,0,0,0,0,0
625,0,0,0,0,0,0,0
650,1,0,1,0,0,0,0
675,1,0,1,0,0,0,0
700,1,0,1,0,0,0,0
725,1,0,1,0,0,0,0
750,1,0,1,0,0,0,0
775,1,0,1,0,0,0,0
800,1,0,1,0,0,0,0
825,1,0,1,0,0,0,0
850,1,0,1,0,0,0,0
875,1,0,1,0,0,0,0
900,1,0,1,0,0,0,0
925,1,0,1,0,0,0,0
950,1,0,1,0,0,0,0
975,1,0,1,0,0,0,0
1000,1,0,1,0,0,0,0
1025,1,0,1,0,0,0,0
1050,1,0,1,0,0,0,0
1075,1,0,1,0,0,0,0
1100,1,0,1,0,0,0,0
1125,0,0,1,0,0,0,0
1150,0,0,1,0,0,0,0
1175,0,0,1,0,0,0,0
1200,0,0,1,0,0,0,0
1225,0,0,1,0,0,0,0
1250,0,0,1,0,0,0,0
1275,0,0,1,0,0,0,0
1300,0,0,1,0,0,0,0
1325,0,0,1,0,0,0,0
1350,0,0,1,0,0,0,0
1375,0,0,1,0,0,0,0
1400,0,0,1,0,0,0,0
1425,0,0,1,0,0,0,0
1450,0,0,1,0,0,0,0
1475,0,0,1,0,0,0,0
1500,0,0,1,0,0,0,0
1525,0,0,1,0,0,0,0
1550,0,0,1,0,0,0,0
1575,0,0,1,0,0,0,0
1600,0,0,1,0,0,0,0
1625,0,0,1,0,0,0,0
1650,0,0,1,0,0,0,0
1675,0,0,1,0,0,0,0
1700,0,0,1,0,0,0,0
1725,0,0,1,0,0,0,0
1750,0,0,1,0,0,0,0
1775,0,0,1,0,0,0,0
1800,0,0,1,0,0,0,0
1825,0,0,1,0,0,0,0
1850,0,0,1,0,0,0,0
1875,0,0,1,0,0,0,0
1900,0,0,1,0,0,0,0
1925,0,0,1,0,0,0,0
1950,0,0,1,0,0,0,0
1975,0,0,1,0,0,0,0
2000,1,0,1,0,0,0,0
2025,1,0,1,0,0,0,0
2050,1,0,1,0,0,0,0
2075,1,0,1,0,0,0,0
2100,1,0,1,0,0,0,0
2125,1,0,1,0,0,0,0
2150,1,0,1,0,0,0,0
2175,1,0,1,0,0,0,0
2200,1,0,1,0,0,0,0
2225,1,0,1,0,0,0,0
2250,1,0,1,0,0,0,0
2275,1,0,1,0,0,0,0
2300,1,0,1,0,0,0,0
2325,1,0,1,0,0,0,0
2350,1,0,1,0,0,0,0
2375,1,0,1,0,0,0,0
2400,1,0,1,0,0,0,0
2425,1,0,1,0,0,0,0
2450,1,0,1,0,0,0,0
2475,1,0,1,0,0,0,0
2500,1,0,1,0,0,0,0
2525,1,0,1,0,0,0,0
2550,1,0,1,0,0,0,0
2575,1,0,1,0,0,0,0
2600,1,0,1,0,0,0,0
2625,1,0,1,0,0,0,0
2650,1,0,1,0,0,0,0
2675,1,0,1,0,0,0,0
2700,1,0,1,0,0,0,0
2725,1,0,1,0,0,0,0
2750,1,0,1,0,0,0,0
2775,0,0,0,0,0,0,0
2800,0,0,0,0,0,0,0
2825,0,0,0,0,0,0,0
2850,0,0,0,0,0,0,0
2875,0,0,0,0,0,0,0
2900,0,0,0,0,0,0,0
2925,0,0,0,0,0,0,0
2950,0,0,0,0,0,0,0
2975,0,0,0,0,0,0,0
3000,0,0,0,0,0,0,0
3025,0,0,0,0,0,0,0
3050,0,0,0,0,0,0,0
3075,0,0,0,0,0,0,0
3100,0,0,0,0,0,0,0
3125,0,0,0,0,0,0,0
3150,0,0,0,0,0,0,0
3175,0,0,0,0,0,0,0
3200,0,0,0,0,0,0,0
3225,0,0,0,0,0,0,0
3250,0,0,0,0,0,0,0
3275,0,0,0,0,0,0,0
3300,0,0,0,0,0,0,0
3325,0,0,0,0,0,0,0
3350,0,0,0,0,0,0,0
3375,0,0,0,0,0,0,0
3400,0,0,0,0,0,0,0
3425,0,0,1,0,0,0,0
3450,0,0,1,0,0,0,0
3475,0,0,1,0,0,0,0
3500,0,0,1,0,0,0,0
3525,0,0,1,0,0,0,0
3550,0,0,1,0,0,0,0
3575,0,0,1,0,0,0,0
3600,0,0,1,0,0,0,0
3625,0,0,1,0,0,0,0
3650,0,0,1,0,0,0,0
3675,0,0,1,0,0,0,0
3700,0,0,1,0,0,0,0
3725,0,0,1,0,0,0,0
3750,0,0,1,0,0,0,0
3775,0,0,1,0,0,0,0
3800,0,0,1,0,0,0,0
3825,0,0,1,0,0,0,0
3850,0,0,1,0,0,0,0
3875,0,0,1,0,0,0,0
3900,0,0,1,0,0,0,0
3925,0,0,1,0,0,0,0
3950,0,0,1,0,0,0,0
3975,0,0,1,0,0,0,0
4000,0,0,1,0,0,0,0
4025,0,0,1,0,0,0,0
4050,0,0,1,0,0,0,0
4075,0,0,1,0,0,0,0
4100,0,0,1,0,0,0,0
4125,0,0,1,0,0,0,0
4150,0,0,1,0,0,0,0
4175,0,0,1,0,0,0,0
4200,0,0,1,0,0,0,0
4225,0,0,0,0,0,1,0
4250,0,0,0,0,0,1,0
4275,0,0,0,0,0,1,0
4300,0,0,0,0,0,1,0
4325,0,0,0,0,0,1,0
4350,0,0,0,0,0,1,0
4375,0,0,0,0,0,1,0
4400,0,0,0,0,0,1,0
4425,0,0,0,0,0,1,0
4450,0,0,0,0,0,1,0
4475,0,0,0,0,0,1,0
4500,0,0,0,0,0,1,0
4525,0,0,0,0,0,1,0
4550,0,0,0,0,0,1,0
4575,0,0,0,0,0,1,0
4600,0,0,0,0,0,1,0
4625,0,0,0,0,0,1,0
4650,0,0,0,0,0,1,0
4675,0,0,0,0,0,1,0
4700,0,0,0,0,0,1,0
4725,0,0,0,0,0,1,0
4750,0,0,0,0,0,1,0
4775,0,0,0,0,0,1,0
4800,0,0,0,0,0,1,0
4825,0,0,0,0,0,1,0
4850,0,0,0,0,0,1,0
4875,0,0,0,0,0,1,0
4900,0,0,0,0,0,1,0
4925,0,0,0,0,0,1,0
4950,0,0,0,0,0,1,0
4975,0,0,0,0,0,1,0
5000,0,0,0,0,0,1,0
5025,1,0,1,0,0,0,0
5050,1,0,1,0,0,0,0
5075,1,0,1,0,0,0,0
5100,1,0,1,0,0,0,0
5125,1,0,1,0,0,0,0
5150,1,0,1,0,0,0,0
5175,1,0,1,0,0,0,0
5200,1,0,1,0,0,0,0
5225,1,0,1,0,0,0,0
5250,1,0,1,0,0,0,0
5275,1,0,1,0,0,0,0
5300,1,0,1,0,0,0,0
5325,1,0,1,0,0,0,0
5350,1,0,1,0,0,0,0
5375,1,0,1,0,0,0,0
5400,1,0,1,0,0,0,0
5425,1,0,1,0,0,0,0
5450,1,0,1,0,0,0,0
5475,1,0,1,0,0,0,0
5500,1,0,1,0,0,0,0
5525,1,0,1,0,0,0,0
5550,1,0,1,0,0,0,0
5575,1,0,1,0,0,0,0
5600,1,0,1,0,0,0,0
5625,1,0,1,0,0,0,0
5650,1,0,1,0,0,0,0
5675,1,0,1,0,0,0,0
5700,1,0,1,0,0,0,0
5725,1,0,1,0,0,0,0
5750,1,0,1,0,0,0,0
5775,1,0,1,0,0,0,0
5800,1,0,1,0,0,0,0
5825,1,0,1,0,0,0,0
5850,1,0,1,0,0,0,0
5875,1,0,1,0,0,0,0
5900,1,0,1,0,0,0,0
5925,1,0,1,0,0,0,0
5950,1,0,1,0,0,0,0
5975,1,0,1,0,0,0,0
6000,1,0,1,0,0,0,0
6025,1,0,1,0,0,0,0
6050,1,0,1,0,0,0,0
6075,1,0,1,0,0,0,0
6100,1,0,1,0,0,0,0
6125,1,0,1,0,0,0,0
6150,1,0,1,0,0,0,0
6175,1,0,1,0,0,0,0
6200,1,0,1,0,0,0,0
6225,1,0,1,0,0,0,0
6250,1,0,1,0,0,0,0
6275,1,0,1,0,0,0,0
6300,1,0,1,0,0,0,0
6325,1,0,1,0,0,0,0
6350,1,0,1,0,0,0,0
6375,1,0,1,0,0,0,0
6400,1,0,1,0,0,0,0
6425,1,0,1,0,0,0,0
6450,1,0,1,0,0,0,0
6475,1,0,1,0,0,0,0
6500,1,0,1,0,0,0,0
6525,1,0,1,0,0,0,0
6550,1,0,1,0,0,0,0
6575,1,0,1,0,0,0,0
6600,1,0,1,0,0,0,0
6625,1,0,1,0,0,0,0
6650,1,0,1,0,0,0,0
6675,1,0,1,0,0,0,0
6700,1,0,1,0,0,0,0
6725,1,0,1,0,0,0,0
6750,1,0,1,0,0,0,0
6775,1,0,1,0,0,0,0
6800,1,0,1,0,0,0,0
6825,1,0,1,0,0,0,0
6850,1,0,1,0,0,0,0
6875,1,0,0,0,0,0,0
6900,1,0,0,0,0,0,0
6925,1,0,0,0,0,0,0
6950,1,0,0,0,0,0,0
6975,1,0,0,0,0,0,0
7000,1,0,0,0,0,0,0
7025,1,0,0,0,0,0,0
7050,1,0,0,0,0,0,0
7075,1,0,0,0,0,0,0
7100,1,0,0,0,0,0,0
7125,1,0,0,0,0,0,0
7150,1,0,0,0,0,0,0
7175,1,0,0,0,0,0,0
7200,1,0,0,0,0,0,0
7225,1,0,0,0,0,0,0
7250,1,0,0,0,0,0,0
7275,1,0,0,0,0,0,0
7300,1,0,0,0,0,0,0
7325,1,0,0,0,0,0,0
7350,1,0,0,0,0,0,0
7375,1,0,0,0,0,0,0
7400,1,0,0,0,0,0,0
7425,0,0,1,0,0,0,0
7450,0,0,1,0,0,0,0
7475,0,0,1,0,0,0,0
7500,0,0,1,0,0,0,0
7525,0,0,1,0,0,0,0
7550,0,0,1,0,0,0,0
7575,0,0,1,0,0,0,0
7600,0,0,1,0,0,0,0
7625,0,0,1,0,0,0,0
7650,0,0,1,0,0,0,0
7675,0,0,1,0,0,0,0
7700,0,0,1,0,0,0,0
7725,0,0,1,0,0,0,0
7750,0,0,1,0,0,0,0
7775,0,0,1,0,0,0,0
7800,0,0,1,0,0,0,0
7825,0,0,1,0,0,0,0
7850,0,0,1,0,0,0,0
7875,0,0,1,0,0,0,0
7900,0,0,1,0,0,0,0
7925,0,0,1,0,0,0,0
7950,0,0,1,0,0,0,0
7975,0,0,1,0,0,0,0
8000,0,0,1,0,0,0,0
8025,0,0,1,0,0,0,0
8050,0,0,1,0,0,0,0
8075,0,0,1,0,0,0,0
8100,0,0,1,0,0,0,0
8125,0,0,1,0,0,0,0
8150,0,0,1,0,0,0,0
8175,1,0,1,0,0,0,0
8200,1,0,1,0,0,0,0
8225,1,0,1,0,0,0,0
8250,1,0,1,0,0,0,0
8275,1,0,1,0,0,0,0
8300,1,0,1,0,0,0,0
8325,1,0,1,0,0,0,0
8350,1,0,1,0,0,0,0
8375,1,0,1,0,0,0,0
8400,1,0,1,0,0,0,0
8425,1,0,1,0,0,0,0
8450,1,0,1,0,0,0,0
8475,1,0,1,0,0,0,0
8500,1,0,1,0,0,0,0
8525,1,0,1,0,0,0,0
8550,1,0,1,0,0,0,0
8575,1,0,1,0,0,0,0
8600,1,0,1,0,0,0,0
8625,1,0,1,0,0,0,0
8650,1,0,1,0,0,0,0
8675,1,0,1,0,0,0,0
8700,1,0,1,0,0,0,0
8725,1,0,1,0,0,0,0
8750,1,0,1,0,0,0,0
8775,1,0,1,0,0,0,0
8800,1,0,1,0,0,0,0
8825,1,0,1,0,0,0,0
8850,1,0,1,0,0,0,0
8875,1,0,1,0,0,0,0
8900,1,0,1,0,0,0,0
8925,1,0,1,0,0,0,0
8950,1,0,0,0,0,0,0
8975,1,0,0,0,0,0,0
9000,1,0,0,0,0,0,0
9025,1,0,0,0,0,0,0
9050,1,0,0,0,0,0,0
9075,1,0,0,0,0,0,0
9100,1,0,0,0,0,0,0
9125,1,0,0,0,0,0,0
9150,1,0,0,0,0,0,0
9175,1,0,0,0,0,0,0
9200,1,0,0,0,0,0,0
9225,1,0,0,0,0,0,0
9250,1,0,0,0,0,0,0
9275,1,0,0,0,0,0,0
9300,1,0,0,0,0,0,0
9325,1,0,0,0,0,0,0
9350,1,0,0,0,0,0,0
9375,1,0,0,0,0,0,0
9400,1,0,0,0,0,0,0
9425,1,0,0,0,0,0,0
9450,1,0,0,0,0,0,0
9475,1,0,0,0,0,0,0
9500,1,0,0,0,0,0,0
9525,1,0,0,0,0,0,0
9550,1,0,0,0,0,0,0
9575,0,0,1,0,0,0,0
9600,0,0,1,0,0,0,0
9625,0,0,1,0,0,0,0
9650,0,0,1,0,0,0,0
9675,0,0,1,0,0,0,0
9700,0,0,1,0,0,0,0
9725,0,0,1,0,0,0,0
9750,0,0,1,0,0,0,0
9775,0,0,1,0,0,0,0
9800,0,0,1,0,0,0,0
9825,0,0,1,0,0,0,0
9850,0,0,1,0,0,0,0
9875,0,0,1,0,0,0,0
9900,0,0,1,0,0,0,0
9925,0,0,1,0,0,0,0
9950,0,0,1,0,0,0,0
9975,0,0,1,0,0,0,0
10000,0,0,1,0,0,0,0
10025,0,0,1,0,0,0,0
10050,0,0,1,0,0,0,0
10075,0,0,1,0,0,0,0
10100,0,0,1,0,0,0,0
10125,0,0,1,0,0,0,0
10150,0,0,1,0,0,0,0
10175,0,0,1,0,0,0,0
10200,0,0,1,0,0,0,0
10225,0,0,1,0,0,0,0
10250,0,0,1,0,0,0,0
10275,0,0,1,0,0,0,0
10300,0,0,1,0,0,0,0
10325,0,0,1,0,0,0,0
10350,0,0,1,0,0,0,0
10375,0,0,1,0,0,0,0
10400,0,0,1,0,0,0,0
10425,0,0,0,0,0,1,0
10450,0,0,0,0,0,1,0
10475,0,0,0,0,0,1,0
10500,0,0,0,0,0,1,0
10525,0,0,0,0,0,1,0
10550,0,0,0,0,0,1,0
10575,0,0,0,0,0,1,0
10600,0,0,0,0,0,1,0
10625,0,0,0,0,0,1,0
10650,0,0,0,0,0,1,0
10675,0,0,0,0,0,1,0
10700,0,0,0,0,0,1,0
10725,1,0,0,0,0,0,0
10750,1,0,0,0,0,0,0
10775,1,0,0,0,0,0,0
10800,1,0,0,0,0,0,0
10825,1,0,0,0,0,0,0
10850,1,0,0,0,0,0,0
10875,1,0,0,0,0,0,0
10900,1,0,0,0,0,0,0
10925,1,0,0,0,0,0,0
10950,1,0,0,0,0,0,0
10975,1,0,0,0,0,0,0
11000,1,0,0,0,0,0,0
11025,1,0,0,0,0,0,0
11050,1,0,0,0,0,0,0
11075,1,0,0,0,0,0,0
11100,1,0,0,0,0,0,0
11125,1,0,0,0,0,0,0
11150,1,0,0,0,0,0,0
11175,1,0,0,0,0,0,0
11200,1,0,0,0,0,0,0
11225,1,0,0,0,0,0,0
11250,1,0,0,0,0,0,0
11275,1,0,0,0,0,0,0
11300,1,0,0,0,0,0,0
11325,1,0,0,0,0,0,0
11350,1,0,0,0,0,0,0
11375,1,0,0,0,0,0,0
11400,1,0,0,0,0,0,0
11425,1,0,0,0,0,0,0
11450,1,0,0,0,0,0,0
11475,1,0,0,0,0,0,0
11500,1,0,0,0,0,0,0
11525,1,0,0,0,0,0,0
11550,1,0,0,0,0,0,0
11575,1,0,0,0,0,0,0
11600,1,0,0,0,0,0,0
11625,1,0,0,0,0,0,0
11650,1,0,0,0,0,0,0
11675,1,0,0,0,0,0,0
11700,1,0,0,0,0,0,0
11725,1,0,0,0,0,0,0
11750,1,0,0,0,0,0,0
11775,1,0,0,0,0,0,0
11800,1,0,0,0,0,0,0
11825,0,1,0,0,0,0,0
11850,0,1,0,0,0,0,0
11875,0,1,0,0,0,0,0
11900,0,1,0,0,0,0,0
11925,0,1,0,0,0,0,0
11950,0,1,0,0,0,0,0
11975,0,1,0,0,0,0,0
12000,0,1,0,0,0,0,0
12025,0,1,0,0,0,0,0
12050,0,1,0,0,0,0,0
12075,0,1,0,0,0,0,0
12100,0,1,0,0,0,0,0
12125,0,1,0,0,0,0,0
12150,0,1,0,0,0,0,0
12175,0,1,0,0,0,0,0
12200,0,1,0,0,0,0,0
12225,0,1,0,0,0,0,0
12250,0,1,0,0,0,0,0
12275,0,1,0,0,0,0,0
12300,0,1,0,0,0,0,0
12325,0,1,0,0,0,0,0
12350,0,1,0,0,0,0,0
12375,0,1,0,0,0,0,0
12400,0,1,0,0,0,0,0
12425,0,1,0,0,0,0,0
12450,0,1,0,0,0,0,0
12475,0,1,0,0,0,0,0
12500,0,1,0,0,0,0,0
12525,0,1,0,0,0,0,0
12550,0,1,0,0,0,0,0
12575,0,1,0,0,0,0,0
12600,0,1,0,0,0,0,0
12625,1,0,0,0,0,0,0
12650,1,0,0,0,0,0,0
12675,1,0,0,0,0,0,0
12700,1,0,0,0,0,0,0
12725,1,0,0,0,0,0,0
12750,1,0,0,0,0,0,0
12775,1,0,0,0,0,0,0
12800,1,0,0,0,0,0,0
12825,1,0,0,0,0,0,0
12850,1,0,0,0,0,0,0
12875,1,0,0,0,0,0,0
12900,1,0,0,0,0,0,0
12925,1,0,0,0,0,0,0
12950,1,0,0,0,0,0,0
12975,1,0,0,0,0,0,0
13000,1,0,0,0,0,0,0
13025,1,0,0,0,0,0,0
13050,1,0,0,0,0,0,0
13075,1,0,0,0,0,0,0
13100,1,0,0,0,0,0,0
13125,1,0,0,0,0,0,0
13150,1,0,0,0,0,0,0
13175,1,0,0,0,0,0,0
13200,1,0,0,0,0,0,0
13225,1,0,0,0,0,0,0
13250,1,0,0,0,0,0,0
13275,1,0,0,0,0,0,0
13300,1,0,0,0,0,0,0
13325,1,0,0,0,0,0,0
13350,1,0,0,0,0,0,0
13375,1,0,0,0,0,0,0
13400,1,0,0,0,0,0,0
13425,1,0,0,0,0,0,0
13450,1,0,0,0,0,0,0
13475,1,0,0,0,0,0,0
13500,1,0,0,0,0,0,0
13525,1,0,0,0,0,0,0
13550,1,0,0,0,0,0,0
13575,1,0,0,0,0,0,0
13600,1,0,0,0,0,0,0
13625,1,0,0,0,0,0,0
13650,1,0,0,0,0,0,0
13675,1,0,0,0,0,0,0
13700,1,0,0,0,0,0,0
13725,1,0,0,0,0,0,0
13750,1,0,0,0,0,0,0
13775,1,0,0,0,0,0,0
13800,1,0,0,0,0,0,0
13825,1,0,0,0,0,0,0
13850,1,0,1,0,0,0,0
13875,1,0,1,0,0,0,0
13900,1,0,1,0,0,0,0
13925,1,0,1,0,0,0,0
13950,1,0,1,0,0,0,0
13975,1,0,1,0,0,0,0
14000,1,0,1,0,0,0,0
14025,1,0,1,0,0,0,0
14050,1,0,1,0,0,0,0
14075,1,0,1,0,0,0,0
14100,1,0,1,0,0,0,0
14125,1,0,1,0,0,0,0
14150,1,0,1,0,0,0,0
14175,1,0,1,0,0,0,0
14200,1,0,1,0,0,0,0
14225,1,0,1,0,0,0,0
14250,1,0,1,0,0,0,0
14275,1,0,1,0,0,0,0
14300,1,0,1,0,0,0,0
14325,1,0,1,0,0,0,0
14350,1,0,1,0,0,0,0
14375,1,0,1,0,0,0,0
14400,1,0,1,0,0,0,0
14425,1,0,1,0,0,0,0
14450,1,0,1,0,0,0,0
14475,1,0,1,0,0,0,0
14500,1,0,1,0,0,0,0
14525,0,0,0,1,0,0,0
14550,0,0,0,1,0,0,0
14575,0,0,0,1,0,0,0
14600,0,0,0,1,0,0,0
14625,0,0,0,1,0,0,0
14650,0,0,0,1,0,0,0
14675,0,0,0,1,0,0,0
14700,0,0,0,1,0,0,0
14725,0,0,0,1,0,0,0
14750,0,0,0,1,0,0,0
14775,0,0,0,1,0,0,0
14800,0,0,0,1,0,0,0
14825,0,0,0,1,0,0,0
14850,0,0,0,1,0,0,0
14875,0,0,0,1,0,0,0
14900,0,0,0,1,0,0,0
14925,0,0,0,1,0,0,0
14950,0,0,0,1,0,0,0
14975,0,0,0,1,0,0,0
15000,0,0,0,1,0,0,0
15025,0,0,0,1,0,0,0
15050,0,0,0,1,0,0,0
15075,0,0,0,1,0,0,0
15100,0,0,0,1,0,0,0
15125,0,0,0,1,0,0,0
15150,0,0,0,1,0,0,0
15175,0,0,0,1,0,0,0
15200,0,0,0,1,0,0,0
15225,0,0,0,1,0,0,0
15250,0,0,0,1,0,0,0
15275,0,0,0,1,0,0,0
15300,0,0,0,1,0,0,0
15325,1,0,0,0,1,0,0
15350,1,0,0,0,1,0,0
15375,1,0,0,0,1,0,0
15400,1,0,0,0,1,0,0
15425,1,0,0,0,1,0,0
15450,1,0,0,0,1,0,0
15475,1,0,0,0,1,0,0
15500,1,0,0,0,1,0,0
15525,1,0,0,0,1,0,0
15550,1,0,0,0,1,0,0
15575,1,0,0,0,1,0,0
15600,1,0,0,0,1,0,0
15625,1,0,0,0,1,0,0
15650,1,0,0,0,1,0,0
15675,1,0,0,0,1,0,0
15700,1,0,0,0,1,0,0
15725,1,0,0,0,1,0,0
15750,1,0,0,0,1,0,0
15775,1,0,0,0,1,0,0
15800,1,0,0,0,1,0,0
15825,1,0,0,0,1,0,0
15850,1,0,0,0,1,0,0
15875,1,0,0,0,1,0,0
15900,1,0,0,0,1,0,0
15925,1,0,0,0,1,0,0
15950,1,0,0,0,1,0,0
15975,1,0,0,0,1,0,0
16000,1,0,0,0,1,0,0
16025,1,0,0,0,1,0,0
16050,1,0,0,0,1,0,0
16075,1,0,0,0,1,0,0
16100,1,0,0,0,1,0,0
16125,0,0,0,0,0,0,0
16150,0,0,0,0,0,0,0
16175,0,0,0,0,0,0,0
16200,0,0,0,0,0,0,0
16225,0,0,0,0,0,0,0
16250,0,0,0,0,0,0,0
16275,0,0,0,0,0,0,0
16300,0,0,0,0,0,0,0
16325,0,0,0,0,0,0,0
16350,0,0,0,0,0,0,0
16375,0,0,0,0,0,0,0
16400,0,0,0,0,0,0,0
16425,0,0,0,0,0,0,0
16450,0,0,0,0,0,0,0
16475,0,0,0,0,0,0,0
16500,0,0,0,0,0,0,0
16525,0,0,0,0,0,0,0
16550,0,0,0,0,0,0,0
16575,0,0,0,0,0,0,0
16600,0,0,0,0,0,0,0
16625,0,0,0,0,0,0,0
16650,0,0,0,0,0,0,0
16675,0,0,0,0,0,0,0
16700,0,0,0,0,0,0,0
16725,0,0,0,0,0,0,0
16750,0,0,0,0,0,0,0
16775,0,0,0,0,0,0,0
16800,0,0,0,0,0,0,0
16825,0,0,0,0,1,0,0
16850,0,0,0,0,1,0,0
16875,0,0,0,0,1,0,0
16900,0,0,0,0,1,0,0
16925,0,0,0,0,1,0,0
16950,0,0,0,0,1,0,0
16975,0,0,0,0,1,0,0
17000,0,0,0,0,1,0,0
17025,0,0,0,0,1,0,0
17050,0,0,0,0,1,0,0
17075,0,0,0,0,1,0,0
17100,0,0,0,0,1,0,0
17125,0,0,0,0,1,0,0
17150,0,0,0,0,1,0,0
17175,0,0,0,0,1,0,0
17200,0,0,0,0,1,0,0
17225,0,0,0,0,1,0,0
17250,0,0,0,0,1,0,0
17275,0,0,0,0,1,0,0
17300,0,0,0,0,1,0,0
17325,0,0,0,0,1,0,0
17350,0,0,0,0,1,0,0
17375,0,0,0,0,1,0,0
17400,0,0,0,0,1,0,0
17425,0,0,0,0,1,0,0
17450,0,0,0,0,1,0,0
17475,1,0,0,0,0,0,0
17500,1,0,0,0,0,0,0
17525,1,0,0,0,0,0,0
17550,1,0,0,0,0,0,0
17575,1,0,0,0,0,0,0
17600,1,0,0,0,0,0,0
17625,1,0,0,0,0,0,0
17650,1,0,0,0,0,0,0
17675,1,0,0,0,0,0,0
17700,1,0,0,0,0,0,0
17725,1,0,0,0,0,0,0
17750,1,0,0,0,0,0,0
17775,1,0,0,0,0,0,0
17800,1,0,0,0,0,0,0
17825,1,0,0,0,0,0,0
17850,1,0,0,0,0,0,0
17875,1,0,0,0,0,0,0
17900,1,0,0,0,0,0,0
17925,1,0,0,0,0,0,0
17950,1,0,0,0,0,0,0
17975,1,0,0,0,0,0,0
18000,1,0,0,0,0,0,0
18025,1,0,0,0,0,0,0
18050,1,0,0,0,0,0,0
18075,1,0,0,0,0,0,0
18100,1,0,0,0,0,0,0
18125,1,0,0,0,0,0,0
18150,1,0,0,0,0,0,0
18175,1,0,0,0,0,0,0
18200,1,0,0,0,0,0,0
18225,1,0,0,0,0,0,0
18250,1,0,0,0,0,0,0
18275,1,0,0,0,0,0,0
18300,1,0,0,0,0,0,0
18325,1,0,0,1,0,0,0
18350,1,0,0,1,0,0,0
18375,1,0,0,1,0,0,0
18400,1,0,0,1,0,0,0
18425,1,0,0,1,0,0,0
18450,1,0,0,1,0,0,0
18475,1,0,0,1,0,0,0
18500,1,0,0,1,0,0,0
18525,1,0,0,1,0,0,0
18550,1,0,0,1,0,0,0
18575,1,0,0,1,0,0,0
18600,1,0,0,1,0,0,0
18625,1,0,0,1,0,0,0
18650,1,0,0,1,0,0,0
18675,1,0,0,1,0,0,0
18700,1,0,0,1,0,0,0
18725,1,0,0,1,0,0,0
18750,1,0,0,1,0,0,0
18775,1,0,0,1,0,0,0
18800,1,0,0,1,0,0,0
18825,1,0,0,1,0,0,0
18850,1,0,0,1,0,0,0
18875,1,0,0,1,0,0,0
18900,1,0,0,1,0,0,0
18925,1,0,0,0,0,0,0
18950,1,0,0,0,0,0,0
18975,1,0,0,0,0,0,0
19000,1,0,0,0,0,0,0
19025,1,0,0,0,0,0,0
19050,1,0,0,0,0,0,0
19075,1,0,0,0,0,0,0
19100,1,0,0,0,0,0,0
19125,1,0,0,0,0,0,0
19150,1,0,0,0,0,0,0
19175,1,0,0,0,0,0,0
19200,1,0,0,0,0,0,0
19225,1,0,0,0,0,0,0
19250,1,0,0,0,0,0,0
19275,1,0,0,0,0,0,0
19300,1,0,0,0,0,0,0
19325,1,0,0,0,0,0,0
19350,1,0,0,0,0,0,0
19375,1,0,0,0,0,0,0
19400,1,0,0,0,0,0,0
19425,1,0,0,0,0,0,0
19450,1,0,0,0,0,0,0
19475,1,0,0,0,0,0,0
19500,1,0,0,0,0,0,0
19525,1,0,0,0,0,0,0
19550,0,0,0,0,1,0,0
19575,0,0,0,0,1,0,0
19600,0,0,0,0,1,0,0
19625,0,0,0,0,1,0,0
19650,0,0,0,0,1,0,0
19675,0,0,0,0,1,0,0
19700,0,0,0,0,1,0,0
19725,0,0,0,0,1,0,0
19750,0,0,0,0,1,0,0
19775,0,0,0,0,1,0,0
19800,0,0,0,0,1,0,0
19825,0,0,0,0,1,0,0
19850,0,0,0,0,1,0,0
19875,0,0,0,0,1,0,0
19900,0,0,0,0,1,0,0
19925,0,0,0,0,1,0,0
19950,0,0,0,0,1,0,0
19975,0,0,0,0,1,0,0
20000,0,0,0,0,1,0,0
20025,0,0,0,0,1,0,0
20050,0,0,0,0,1,0,0
20075,0,0,0,0,1,0,0
20100,0,0,0,0,1,0,0
20125,0,0,0,0,1,0,0
20150,0,0,0,0,1,0,0
20175,0,0,0,0,1,0,0
20200,0,0,0,0,1,0,0
20225,0,0,0,0,1,0,0
20250,0,0,0,0,1,0,0
20275,0,0,0,0,1,0,0
20300,0,0,0,0,1,0,0
20325,0,0,0,0,1,0,0
20350,0,0,0,0,1,0,0
20375,0,0,0,0,1,0,0
20400,0,0,0,0,1,0,0
20425,0,0,0,0,1,0,0
20450,0,0,0,0,1,0,0
20475,0,0,1,0,0,0,0
20500,0,0,1,0,0,0,0
20525,0,0,1,0,0,0,0
20550,0,0,1,0,0,0,0
20575,0,0,1,0,0,0,0
20600,0,0,1,0,0,0,0
20625,0,0,1,0,0,0,0
20650,0,0,1,0,0,0,0
20675,0,0,1,0,0,0,0
20700,0,0,1,0,0,0,0
20725,0,0,1,0,0,0,0
20750,0,0,1,0,0,0,0
20775,0,0,1,0,0,0,0
20800,0,0,1,0,0,0,0
20825,0,0,1,0,0,0,0
20850,0,0,1,0,0,0,0
20875,0,0,1,0,0,0,0
20900,0,0,1,0,0,0,0
20925,0,0,1,0,0,0,0
20950,0,0,1,0,0,0,0
20975,0,0,1,0,0,0,0
21000,0,0,1,0,0,0,0
21025,0,0,1,0,0,0,0
21050,0,0,1,0,0,0,0
21075,0,0,1,0,0,0,0
21100,0,0,1,0,0,0,0
21125,0,0,1,0,0,0,0
21150,0,0,1,0,0,0,0
21175,0,0,1,0,0,0,0
21200,0,0,1,0,0,0,0
21225,0,0,1,0,0,0,0
21250,0,0,1,0,0,0,0
21275,0,0,1,0,0,0,0
21300,0,0,1,0,0,0,0
21325,0,0,1,0,0,0,0
21350,0,0,1,0,0,0,0
21375,0,0,1,0,0,0,0
21400,0,0,1,0,0,0,0
21425,0,0,1,0,0,0,0
21450,0,0,1,0,0,0,0
21475,0,0,1,0,0,0,0
21500,0,0,1,0,0,0,0
21525,0,0,1,0,0,0,0
21550,0,0,1,0,0,0,0
21575,0,0,1,0,0,0,0
21600,0,0,1,0,0,0,0
21625,0,0,0,0,0,0,0
21650,0,0,0,0,0,0,0
21675,0,0,0,0,0,0,0
21700,0,0,0,0,0,0,0
21725,0,0,0,0,0,0,0
21750,0,0,0,0,0,0,0
21775,0,0,0,0,0,0,0
21800,0,0,0,0,0,0,0
21825,0,0,0,0,0,0,0
21850,0,0,0,0,0,0,0
21875,0,0,0,0,0,0,0
21900,0,0,0,0,0,0,0
21925,0,0,0,0,0,0,0
21950,0,0,0,0,0,0,0
21975,0,0,0,0,0,0,0
22000,0,0,0,0,0,0,0
22025,0,0,0,0,0,0,0
22050,0,0,0,0,0,0,0
22075,0,0,0,0,0,0,0
22100,0,0,0,0,0,0,0
22125,0,0,0,0,0,0,0
22150,0,0,0,0,0,0,0
22175,0,0,0,0,0,0,0
22200,0,0,0,0,0,0,0
22225,0,0,0,0,0,0,0
22250,0,0,0,0,0,0,0
22275,0,0,0,0,0,0,0
22300,0,0,0,0,0,0,0
22325,0,0,0,0,0,0,0
22350,0,0,0,0,0,0,0
22375,0,0,0,0,0,0,0
22400,0,0,0,0,0,0,0
22425,0,0,0,0,0,0,0
22450,0,0,0,0,0,0,0
22475,0,0,0,0,0,0,0
22500,0,0,0,0,0,0,0
22525,0,0,0,0,0,0,0
22550,0,0,0,0,0,0,0
22575,1,0,1,0,0,0,0
22600,1,0,1,0,0,0,0
22625,1,0,1,0,0,0,0
22650,1,0,1,0,0,0,0
22675,1,0,1,0,0,0,0
22700,1,0,1,0,0,0,0
22725,1,0,1,0,0,0,0
22750,1,0,1,0,0,0,0
22775,1,0,1,0,0,0,0
22800,1,0,1,0,0,0,0
22825,1,0,1,0,0,0,0
22850,1,0,1,0,0,0,0
22875,1,0,1,0,0,0,0
22900,1,0,1,0,0,0,0
22925,1,0,1,0,0,0,0
22950,1,0,1,0,0,0,0
22975,1,0,1,0,0,0,0
23000,1,0,1,0,0,0,0
23025,1,0,1,0,0,0,0
23050,1,0,1,0,0,0,0
23075,1,0,1,0,0,0,0
23100,1,0,1,0,0,0,0
23125,1,0,1,0,0,0,0
23150,1,0,1,0,0,0,0
23175,1,0,1,0,0,0,0
23200,1,0,1,0,0,0,0
23225,1,0,1,0,0,0,0
23250,1,0,1,0,0,0,0
23275,1,0,1,0,0,0,0
23300,1,0,1,0,0,0,0
23325,1,0,1,0,0,0,0
23350,1,0,1,0,0,0,0
23375,1,0,1,0,0,0,0
23400,1,0,1,0,0,0,0
23425,1,0,1,0,0,0,0
23450,1,0,1,0,0,0,0
23475,1,0,1,0,0,0,0
23500,1,0,1,0,0,0,0
23525,1,0,1,0,0,0,0
23550,1,0,1,0,0,0,0
23575,1,0,1,0,0,0,0
23600,1,0,1,0,0,0,0
23625,1,0,1,0,0,0,0
23650,1,0,1,0,0,0,0
23675,1,0,1,0,0,0,0
23700,1,0,1,0,0,0,0
23725,1,0,1,0,0,0,0
23750,1,0,1,0,0,0,0
23775,1,0,1,0,0,0,0
23800,1,0,1,0,0,0,0
23825,1,0,1,0,0,0,0
23850,1,0,1,0,0,0,0
23875,1,0,1,0,0,0,0
23900,1,0,1,0,0,0,0
23925,1,0,1,0,0,0,0
23950,1,0,1,0,0,0,0
23975,1,0,1,0,0,0,0
24000,1,0,1,0,0,0,0
24025,1,0,1,0,0,0,0
24050,1,0,1,0,0,0,0
24075,1,0,1,0,0,0,0
24100,1,0,1,0,0,0,0
24125,1,0,1,0,0,0,0
24150,1,0,1,0,0,0,0
24175,1,0,1,0,0,0,0
24200,1,0,1,0,0,0,0
24225,1,0,1,0,0,0,0
24250,1,0,1,0,0,0,0
24275,1,0,1,0,0,0,0
24300,1,0,1,0,0,0,0
24325,1,0,1,0,0,0,0
24350,1,0,1,0,0,0,0
24375,1,0,1,0,0,0,0
24400,1,0,1,0,0,0,0
24425,1,0,1,0,0,0,0
24450,1,0,1,0,0,0,0
24475,1,0,1,0,0,0,0
24500,1,0,1,0,0,0,0
24525,1,0,1,0,0,0,0
24550,1,0,1,0,0,0,0
24575,1,0,1,0,0,0,0
24600,1,0,1,0,0,0,0
24625,1,0,1,0,0,0,0
24650,1,0,1,0,0,0,0
24675,1,0,1,0,0,0,0
24700,1,0,1,0,0,0,0
24725,1,0,1,0,0,0,0
24750,1,0,1,0,0,0,0
24775,1,0,1,0,0,0,0
24800,1,0,1,0,0,0,0
24825,1,0,1,0,0,0,0
24850,1,0,1,0,0,0,0
24875,1,0,1,0,0,0,0
24900,1,0,1,0,0,0,0
24925,1,0,1,0,0,0,0
24950,1,0,1,0,0,0,0
24975,1,0,1,0,0,0,0
25000,1,0,1,0,0,0,0
25025,1,0,1,0,0,0,0
25050,1,0,1,0,0,0,0
25075,1,0,1,0,0,0,0
25100,1,0,1,0,0,0,0
25125,1,0,1,0,0,0,0
25150,1,0,1,0,0,0,0
25175,1,0,1,0,0,0,0
25200,1,0,1,0,0,0,0
25225,1,0,1,0,0,0,0
25250,1,0,1,0,0,0,0
25275,0,0,0,0,0,0,0
25300,0,0,0,0,0,0,0
25325,0,0,0,0,0,0,0
25350,0,0,0,0,0,0,0
25375,0,0,0,0,0,0,0
25400,0,0,0,0,0,0,0
25425,0,0,0,0,0,0,0
25450,0,0,0,0,0,0,0
25475,0,0,0,0,0,0,0
25500,0,0,0,0,0,0,0
25525,0,0,0,0,0,0,0
25550,0,0,0,0,0,0,0
25575,0,0,0,0,0,0,0
25600,0,0,0,0,0,0,0
25625,0,0,0,0,0,0,0
25650,0,0,0,0,0,0,0
25675,0,0,0,0,0,0,0
25700,0,0,0,0,0,0,0
25725,0,0,0,0,0,0,0
25750,0,0,0,0,0,0,0
25775,0,0,0,0,0,0,0
25800,0,0,0,0,0,0,0
25825,0,0,0,0,0,0,0
25850,0,0,0,0,0,0,0
25875,0,0,0,0,0,0,0
25900,0,0,0,0,0,0,0
25925,0,0,0,0,0,0,0
25950,0,0,1,0,0,0,0
25975,0,0,1,0,0,0,0
26000,0,0,1,0,0,0,0
26025,0,0,1,0,0,0,0
26050,0,0,1,0,0,0,0
26075,0,0,1,0,0,0,0
26100,0,0,1,0,0,0,0
26125,0,0,1,0,0,0,0
26150,0,0,1,0,0,0,0
26175,0,0,1,0,0,0,0
26200,0,0,1,0,0,0,0
26225,0,0,1,0,0,0,0
26250,0,0,1,0,0,0,0
26275,0,0,1,0,0,0,0
26300,0,0,1,0,0,0,0
26325,0,0,1,0,0,0,0
26350,0,0,1,0,0,0,0
26375,0,0,1,0,0,0,0
26400,0,0,1,0,0,0,0
26425,0,0,1,0,0,0,0
26450,0,0,1,0,0,0,0
26475,0,0,1,0,0,0,0
26500,0,0,1,0,0,0,0
26525,0,0,1,0,0,0,0
26550,1,0,1,0,0,0,0
26575,1,0,1,0,0,0,0
26600,1,0,1,0,0,0,0
26625,1,0,1,0,0,0,0
26650,1,0,1,0,0,0,0
26675,1,0,1,0,0,0,0
26700,1,0,1,0,0,0,0
26725,1,0,1,0,0,0,0
26750,1,0,1,0,0,0,0
26775,1,0,1,0,0,0,0
26800,1,0,1,0,0,0,0
26825,1,0,1,0,0,0,0
26850,1,0,1,0,0,0,0
26875,1,0,1,0,0,0,0
26900,1,0,1,0,0,0,0
26925,1,0,1,0,0,0,0
26950,1,0,1,0,0,0,0
26975,1,0,1,0,0,0,0
27000,1,0,1,0,0,0,0
27025,1,0,1,0,0,0,0
27050,1,0,1,0,0,0,0
27075,1,0,1,0,0,0,0
27100,1,0,1,0,0,0,0
27125,1,0,1,0,0,0,0
27150,1,0,1,0,0,0,0
27175,1,0,1,0,0,0,0
27200,1,0,1,0,0,0,0
27225,1,0,1,0,0,0,0
27250,1,0,1,0,0,0,0
27275,1,0,1,0,0,0,0
27300,1,0,1,0,0,0,0
27325,1,0,1,0,0,0,0
27350,1,0,1,0,0,0,0
27375,1,0,1,0,0,0,0
27400,1,0,1,0,0,0,0
27425,1,0,1,0,0,0,0
27450,1,0,1,0,0,0,0
27475,1,0,1,0,0,0,0
27500,1,0,1,0,0,0,0
27525,1,0,1,0,0,0,0
27550,1,0,1,0,0,0,0
27575,1,0,1,0,0,0,0
27600,1,0,1,0,0,0,0
27625,1,0,1,0,0,0,0
27650,1,0,1,0,0,0,0
27675,1,0,1,0,0,0,0
27700,1,0,1,0,0,0,0
27725,1,0,1,0,0,0,0
27750,1,0,1,0,0,0,0
27775,1,0,1,0,0,0,0
27800,1,0,1,0,0,0,0
27825,1,0,1,0,0,0,0
27850,1,0,1,0,0,0,0
27875,1,0,1,0,0,0,0
27900,1,0,1,0,0,0,0
27925,1,0,1,0,0,0,0
27950,1,0,1,0,0,0,0
27975,0,0,1,0,0,0,0
28000,0,0,1,0,0,0,0
28025,0,0,1,0,0,0,0
28050,0,0,1,0,0,0,0
28075,0,0,1,0,0,0,0
28100,0,0,1,0,0,0,0
28125,0,0,1,0,0,0,0
28150,0,0,1,0,0,0,0
28175,0,0,1,0,0,0,0
28200,0,0,1,0,0,0,0
28225,0,0,1,0,0,0,0
28250,0,0,1,0,0,0,0
28275,0,0,1,0,0,0,0
28300,0,0,1,0,0,0,0
28325,0,0,1,0,0,0,0
28350,0,0,1,0,0,0,0
28375,0,0,1,0,0,0,0
28400,0,0,1,0,0,0,0
28425,0,0,1,0,0,0,0
28450,0,0,1,0,0,0,0
28475,0,0,1,0,0,0,0
28500,0,0,1,0,0,0,0
28525,0,0,1,0,0,0,0
28550,0,0,1,0,0,0,0
28575,0,0,1,0,0,0,0
28600,0,0,1,0,0,0,0
28625,0,0,1,0,0,0,0
28650,0,0,1,0,0,0,0
28675,0,0,1,0,0,0,0
28700,0,0,1,0,0,0,0
28725,1,0,0,0,0,0,0
28750,1,0,0,0,0,0,0
28775,1,0,0,0,0,0,0
28800,1,0,0,0,0,0,0
28825,1,0,0,0,0,0,0
28850,1,0,0,0,0,0,0
28875,1,0,0,0,0,0,0
28900,1,0,0,0,0,0,0
28925,1,0,0,0,0,0,0
28950,1,0,0,0,0,0,0
28975,1,0,0,0,0,0,0
29000,1,0,0,0,0,0,0
29025,1,0,0,0,0,0,0
29050,1,0,0,0,0,0,0
29075,1,0,0,0,0,0,0
29100,1,0,0,0,0,0,0
29125,1,0,0,0,0,0,0
29150,1,0,0,0,0,0,0
29175,1,0,0,0,0,0,0
29200,1,0,0,0,0,0,0
29225,1,0,0,0,0,0,0
29250,1,0,0,0,0,0,0
29275,1,0,0,0,0,0,0
29300,1,0,0,0,0,0,0
29325,1,0,0,0,0,0,1
29350,1,0,0,0,0,0,1
29375,1,0,0,0,0,0,1
29400,1,0,0,0,0,0,1
29425,1,0,0,0,0,0,1
29450,1,0,0,0,0,0,1
29475,1,0,0,0,0,0,1
29500,1,0,0,0,0,0,1
29525,1,0,0,0,0,0,1
29550,1,0,0,0,0,0,1
29575,1,0,0,0,0,0,1
29600,1,0,0,0,0,0,1
29625,1,0,0,0,0,0,1
29650,1,0,0,0,0,0,1
29675,1,0,0,0,0,0,1
29700,1,0,0,0,0,0,1
29725,1,0,0,0,0,0,1
29750,1,0,0,0,0,0,1
29775,1,0,0,0,0,0,1
29800,1,0,0,0,0,0,1
29825,1,0,0,0,0,0,1
29850,1,0,0,0,0,0,1
29875,1,0,0,0,0,0,1
29900,1,0,0,0,0,0,1
29925,1,0,0,0,0,0,1
29950,1,0,0,0,0,0,1
29975,1,0,0,0,0,0,1
30000,1,0,0,0,0,0,1
30025,1,0,0,0,0,0,1
30050,1,0,0,0,0,0,1
30075,1,0,0,0,0,0,1
30100,1,0,0,0,0,0,1
30125,1,0,0,0,0,0,1
30150,1,0,0,0,0,0,1
30175,1,0,0,0,0,0,1
30200,1,0,0,0,0,0,1
30225,1,0,0,0,0,0,1
30250,1,0,0,0,0,0,1
30275,1,0,0,0,0,0,1
30300,1,0,0,0,0,0,1
30325,1,0,0,0,0,0,1
30350,1,0,0,0,0,0,1
30375,1,0,0,0,0,0,1
30400,1,0,0,0,0,0,1
30425,1,0,0,0,0,0,1
30450,1,0,0,0,0,0,1
30475,1,0,0,0,0,0,1
30500,1,0,0,0,0,0,1
30525,1,0,0,0,0,0,1
30550,1,0,0,0,0,0,1
30575,1,0,0,0,0,0,1
30600,1,0,0,0,0,0,1
30625,1,0,0,0,0,0,1
30650,1,0,0,0,0,0,1
30675,0,0,0,0,0,0,0
30700,0,0,0,0,0,0,0
30725,0,0,0,0,0,0,0
30750,0,0,0,0,0,0,0
30775,0,0,0,0,0,0,0
30800,0,0,0,0,0,0,0
30825,0,0,0,0,0,0,0
30850,0,0,0,0,0,0,0
30875,0,0,0,0,0,0,0
30900,0,0,0,0,0,0,0
30925,0,0,0,0,0,0,0
30950,0,0,0,0,0,0,0
30975,0,0,0,0,0,0,0
31000,0,0,0,0,0,0,0
31025,0,0,0,0,0,0,0
31050,0,0,0,0,0,0,0
31075,0,0,0,0,0,0,0
31100,0,0,0,0,0,0,0
31125,0,0,0,0,0,0,0
31150,0,0,0,0,0,0,0
31175,0,0,0,0,0,0,0
31200,0,0,0,0,0,0,0
31225,0,0,0,0,0,0,0
31250,0,0,0,0,0,0,0
31275,0,0,0,0,0,0,0
31300,0,0,0,0,0,0,0
31325,1,0,0,0,0,0,1
31350,1,0,0,0,0,0,1
31375,1,0,0,0,0,0,1
31400,1,0,0,0,0,0,1
31425,1,0,0,0,0,0,1
31450,1,0,0,0,0,0,1
31475,1,0,0,0,0,0,1
31500,1,0,0,0,0,0,1
31525,1,0,0,0,0,0,1
31550,1,0,0,0,0,0,1
31575,1,0,0,0,0,0,1
31600,1,0,0,0,0,0,1
31625,1,0,0,0,0,0,1
31650,1,0,0,0,0,0,1
31675,1,0,0,0,0,0,1
31700,1,0,0,0,0,0,1
31725,1,0,0,0,0,0,1
31750,1,0,0,0,0,0,1
31775,1,0,0,0,0,0,1
31800,1,0,0,0,0,0,1
31825,1,0,0,0,0,0,1
31850,1,0,0,0,0,0,1
31875,1,0,0,0,0,1,0
31900,1,0,0,0,0,1,0
31925,1,0,0,0,0,1,0
31950,1,0,0,0,0,1,0
31975,1,0,0,0,0,1,0
32000,1,0,0,0,0,1,0
32025,1,0,0,0,0,1,0
32050,1,0,0,0,0,1,0
32075,1,0,0,0,0,1,0
32100,1,0,0,0,0,1,0
32125,1,0,0,0,0,1,0
32150,1,0,0,0,0,1,0
32175,1,0,0,0,0,1,0
32200,1,0,0,0,0,1,0
32225,1,0,0,0,0,1,0
32250,1,0,0,0,0,1,0
32275,1,0,0,0,0,1,0
32300,1,0,0,0,0,1,0
32325,1,0,0,0,0,1,0
32350,1,0,0,0,0,1,0
32375,1,0,0,0,0,1,1
32400,1,0,0,0,0,1,1
32425,1,0,0,0,0,1,1
32450,1,0,0,0,0,1,1
32475,1,0,0,0,0,1,1
32500,1,0,0,0,0,1,1
32525,1,0,0,0,0,1,1
32550,1,0,0,0,0,1,1
32575,1,0,0,0,0,1,1
32600,1,0,0,0,0,1,1
32625,1,0,0,0,0,1,1
32650,1,0,0,0,0,1,1
32675,1,0,0,0,0,1,1
32700,1,0,0,0,0,1,1
32725,1,0,0,0,0,1,1
32750,1,0,0,0,0,1,1
32775,1,0,0,0,0,1,1
32800,1,0,0,0,0,1,1
32825,1,0,0,0,0,1,1
32850,1,0,0,0,0,1,1
32875,1,0,0,0,0,1,1
32900,1,0,0,0,0,1,1
32925,1,0,0,0,0,1,1
32950,1,0,0,0,0,1,1
32975,1,0,0,0,0,1,1
33000,1,0,0,0,0,1,1
33025,0,0,0,0,0,1,1
33050,0,0,0,0,0,1,1
33075,0,0,0,0,0,1,1
33100,0,0,0,0,0,1,1
33125,0,0,0,0,0,1,1
33150,0,0,0,0,0,1,1
33175,0,0,0,0,0,1,1
33200,0,0,0,0,0,1,1
33225,0,0,0,0,0,1,1
33250,0,0,0,0,0,1,1
33275,0,0,0,0,0,1,1
33300,0,0,0,0,0,1,1
33325,0,0,0,0,0,1,1
33350,0,0,0,0,0,1,1
33375,0,0,0,0,0,1,1
33400,0,0,0,0,0,1,1
33425,0,0,0,0,0,1,1
33450,0,0,0,0,0,1,1
33475,0,0,0,0,0,1,1
33500,0,0,0,0,0,1,1
33525,0,0,0,0,0,1,1
33550,0,0,0,0,0,1,1
33575,0,0,0,0,0,1,1
33600,0,0,0,0,0,1,1
33625,0,0,0,0,0,1,1
33650,0,0,0,0,0,1,1
33675,0,0,0,0,0,1,1
33700,0,0,0,0,0,1,1
33725,0,0,0,0,0,1,1
33750,1,0,0,0,0,0,0
33775,1,0,0,0,0,0,0
33800,1,0,0,0,0,0,0
33825,1,0,0,0,0,0,0
33850,1,0,0,0,0,0,0
33875,1,0,0,0,0,0,0
33900,1,0,0,0,0,0,0
33925,1,0,0,0,0,0,0
33950,1,0,0,0,0,0,0
33975,1,0,0,0,0,0,0
34000,1,0,0,0,0,0,0
34025,1,0,0,0,0,0,0
34050,1,0,0,0,0,0,0
34075,1,0,0,0,0,0,0
34100,1,0,0,0,0,0,0
34125,1,0,0,0,0,0,0
34150,1,0,0,0,0,0,0
34175,1,0,0,0,0,0,0
34200,1,0,0,0,0,0,0
34225,1,0,0,0,0,0,0
34250,1,0,0,0,0,0,0
34275,1,0,0,0,0,0,0
34300,1,0,0,0,0,0,0
34325,1,0,0,0,0,0,0
34350,1,0,0,0,0,0,0
34375,1,0,0,0,0,0,0
34400,1,0,0,0,0,0,0
34425,1,0,0,0,0,0,0
34450,1,0,0,0,0,0,0
34475,1,0,0,0,0,0,0
34500,1,0,0,0,0,0,0
34525,1,0,0,0,0,0,0
34550,1,0,0,0,0,0,0
34575,1,0,0,0,0,0,0
34600,1,0,0,0,0,0,0
34625,1,0,0,0,0,0,0
34650,1,0,0,0,0,0,0
34675,1,0,0,0,0,0,0
34700,1,0,0,0,0,0,0
34725,1,0,0,0,0,0,0
34750,1,0,0,0,0,0,0
34775,1,0,0,0,0,0,0
34800,1,0,0,0,0,0,0
34825,1,0,0,0,0,0,0
34850,1,0,0,0,0,0,0
34875,1,0,0,0,0,0,0
34900,1,0,0,0,0,0,0
34925,1,0,0,0,0,0,0
34950,1,1,0,0,0,1,0
34975,1,1,0,0,0,1,0
35000,1,1,0,0,0,1,0
35025,1,1,0,0,0,1,0
35050,1,1,0,0,0,1,0
35075,1,1,0,0,0,1,0
35100,1,1,0,0,0,1,0
35125,1,1,0,0,0,1,0
35150,1,1,0,0,0,1,0
35175,1,1,0,0,0,1,0
35200,1,1,0,0,0,1,0
35225,1,1,0,0,0,1,0
35250,1,1,0,0,0,1,0
35275,1,1,0,0,0,1,0
35300,1,1,0,0,0,1,0
35325,1,1,0,0,0,1,0
35350,1,1,0,0,0,1,0
35375,1,1,0,0,0,1,0
35400,1,1,0,0,0,1,0
35425,1,1,0,0,0,1,0
35450,1,1,0,0,0,1,0
35475,1,1,0,0,0,1,0
35500,1,1,0,0,0,1,0
35525,1,1,0,0,0,1,0
35550,1,1,0,0,0,1,0
35575,1,1,0,0,0,1,0
35600,1,1,0,0,0,1,0
35625,1,1,0,0,0,1,0
35650,1,1,0,0,0,1,0
35675,1,1,0,0,0,1,0
35700,1,1,0,0,0,1,0
35725,1,1,0,0,0,1,0
35750,1,1,0,0,0,1,0
35775,1,1,0,0,0,1,0
35800,1,1,0,0,0,1,0
35825,1,1,0,0,0,1,0
35850,1,1,0,0,0,1,0
35875,1,1,0,0,0,1,0
35900,1,1,0,0,0,1,0
35925,1,1,0,0,0,1,0
35950,1,1,0,0,0,1,0
35975,1,1,0,0,0,1,0
36000,1,1,0,0,0,1,0
36025,1,1,0,0,0,1,0
36050,1,1,0,0,0,1,0
36075,1,1,0,0,0,1,0
36100,1,1,0,0,0,1,0
36125,0,0,0,0,0,1,0
36150,0,0,0,0,0,1,0
36175,0,0,0,0,0,1,0
36200,0,0,0,0,0,1,0
36225,0,0,0,0,0,1,0
36250,0,0,0,0,0,1,0
36275,0,0,0,0,0,1,0
36300,0,0,0,0,0,1,0
36325,0,0,0,0,0,1,0
36350,0,0,0,0,0,1,0
36375,0,0,0,0,0,1,0
36400,0,0,0,0,0,1,0
36425,0,0,0,0,0,1,0
36450,0,0,0,0,0,1,0
36475,0,0,0,0,0,1,0
36500,0,0,0,0,0,1,0
36525,0,0,0,0,0,1,0
36550,0,0,0,0,0,1,0
36575,0,0,0,0,0,1,0
36600,0,0,0,0,0,1,0
36625,0,0,0,0,0,1,0
36650,0,0,0,0,0,1,0
36675,0,0,0,0,0,1,0
36700,0,0,0,0,0,1,0
36725,0,0,0,0,0,1,0
36750,1,0,0,0,0,0,1
36775,1,0,0,0,0,0,1
36800,1,0,0,0,0,0,1
36825,1,0,0,0,0,0,1
36850,1,0,0,0,0,0,1
36875,1,0,0,0,0,0,1
36900,1,0,0,0,0,0,1
36925,1,0,0,0,0,0,1
36950,1,0,0,0,0,0,1
36975,1,0,0,0,0,0,1
37000,1,0,0,0,0,0,1
37025,1,0,0,0,0,0,1
37050,1,0,0,0,0,0,1
37075,1,0,0,0,0,0,1
37100,1,0,0,0,0,0,1
37125,1,0,0,0,0,0,1
37150,1,0,0,0,0,0,1
37175,1,0,0,0,0,0,1
37200,1,0,0,0,0,0,1
37225,1,0,0,0,0,0,1
37250,1,0,0,0,0,0,1
37275,1,0,0,0,0,0,1
37300,1,0,0,0,0,0,1
37325,1,0,0,0,0,0,1
37350,1,0,0,0,0,0,1
37375,1,0,0,0,0,0,1
37400,0,0,0,0,0,0,0
37425,0,0,0,0,0,0,0
37450,0,0,0,0,0,0,0
37475,0,0,0,0,0,0,0
37500,0,0,0,0,0,0,0
37525,0,0,0,0,0,0,0
37550,0,0,0,0,0,0,0
37575,0,0,0,0,0,0,0
37600,0,0,0,0,0,0,0
37625,0,0,0,0,0,0,0
37650,0,0,0,0,0,0,0
37675,0,0,0,0,0,0,0
37700,0,0,0,0,0,0,0
37725,0,0,0,0,0,0,0
37750,0,0,0,0,0,0,0
37775,0,0,0,0,0,0,0
37800,0,0,0,0,0,0,0
37825,0,0,0,0,0,0,0
37850,0,0,0,0,0,0,0
37875,1,0,0,0,0,0,1
37900,1,0,0,0,0,0,1
37925,1,0,0,0,0,0,1
37950,1,0,0,0,0,0,1
37975,1,0,0,0,0,0,1
38000,1,0,0,0,0,0,1
38025,1,0,0,0,0,0,1
38050,1,0,0,0,0,0,1
38075,1,0,0,0,0,0,1
38100,1,0,0,0,0,0,1
38125,1,0,0,0,0,0,1
38150,1,0,0,0,0,0,1
38175,1,0,0,0,0,0,1
38200,1,0,0,0,0,0,1
38225,1,0,0,0,0,0,1
38250,1,0,0,0,0,0,1
38275,1,0,0,0,0,0,1
38300,1,0,0,0,0,0,1
38325,1,0,0,0,0,0,1
38350,1,0,0,0,0,0,1
38375,1,0,0,0,0,0,1
38400,1,0,0,0,0,0,1
38425,1,0,0,0,0,0,1
38450,1,0,0,0,0,0,1
38475,1,0,0,0,0,0,1
38500,1,0,0,0,0,0,1
38525,1,0,0,0,0,0,1
38550,1,0,0,0,0,0,1
38575,1,0,0,0,0,0,0
38600,1,0,0,0,0,0,0
38625,1,0,0,0,0,0,0
38650,1,0,0,0,0,0,0
38675,1,0,0,0,0,0,0
38700,1,0,0,0,0,0,0
38725,1,0,0,0,0,0,0
38750,1,0,0,0,0,0,0
38775,1,0,0,0,0,0,0
38800,1,0,0,0,0,0,0
38825,1,0,0,0,0,0,0
38850,1,0,0,0,0,0,0
38875,1,0,0,0,0,0,0
38900,1,0,0,0,0,0,0
38925,1,0,0,0,0,0,0
38950,1,0,0,0,0,0,0
38975,1,0,0,0,0,0,0
39000,1,0,0,0,0,0,0
39025,1,0,0,0,0,0,0
39050,1,0,0,0,0,0,0
