Frame,Grasper,Bipolar,Hook,Scissors,Clipper,Irrigator,SpecimenBag
0,0,0,0,0,0,0,0
25,0,0,0,0,0,0,0
50,0,0,0,0,0,0,0
75,0,0,0,0,0,0,0
100,0,0,0,0,0,0,0
125,0,0,0,0,0,0,0
150,0,0,0,0,0,0,0
175,0,0,0,0,0,0,0
200,0,0,0,0,0,0,0
225,0,0,0,0,0,0,0
250,0,0,0,0,0,0,0
275,0,0,0,0,0,0,0
300,0,0,0,0,0,0,0
325,0,0,0,0,0,0,0
350,1,0,0,0,0,0,0
375,1,0,0,0,0,0,0
400,1,0,0,0,0,0,0
425,1,0,0,0,0,0,0
450,1,0,0,0,0,0,0
475,1,0,0,0,0,0,0
500,1,0,0,0,0,0,0
525,1,0,0,0,0,0,0
550,1,0,0,0,0,0,0
575,1,0,0,0,0,0,0
600,1,0,0,0,0,0,0
625,1,0,0,0,0,0,0
650,1,0,0,0,0,0,0
675,1,0,0,0,0,0,0
700,1,0,0,0,0,0,0
725,1,0,0,0,0,0,0
750,1,0,0,0,0,0,0
775,1,0,0,0,0,0,0
800,1,0,0,0,0,0,0
825,1,0,0,0,0,0,0
850,1,0,0,0,0,0,0
875,1,0,0,0,0,0,0
900,1,0,0,0,0,0,0
925,1,0,0,0,0,0,0
950,1,0,0,0,0,0,0
975,1,0,0,0,0,0,0
1000,1,0,0,0,0,0,0
1025,1,0,0,0,0,0,0
1050,1,0,0,0,0,0,0
1075,1,0,0,0,0,0,0
1100,1,0,0,0,0,0,0
1125,1,0,0,0,0,0,0
1150,1,0,0,0,0,0,0
1175,1,0,0,0,0,0,0
1200,1,0,0,0,0,0,0
1225,1,0,0,0,0,0,0
1250,1,0,0,0,0,0,0
1275,1,0,0,0,0,0,0
1300,1,0,0,0,0,0,0
1325,1,0,0,0,0,0,0
1350,1,0,0,0,0,0,0
1375,1,0,0,0,0,0,0
1400,1,0,0,0,0,0,0
1425,1,0,0,0,0,0,0
1450,1,0,0,0,0,0,0
1475,1,0,0,0,0,0,0
1500,1,0,0,0,0,0,0
1525,1,0,0,0,0,0,0
1550,1,0,0,0,0,0,0
1575,1,0,0,0,0,0,0
1600,1,0,0,0,0,0,0
1625,1,0,0,0,0,0,0
1650,1,0,0,0,0,0,0
1675,1,0,0,0,0,0,0
1700,1,0,0,0,0,0,0
1725,1,0,0,0,0,0,0
1750,1,0,0,0,0,0,0
1775,1,0,0,0,0,0,0
1800,1,0,0,0,0,0,0
1825,1,0,0,0,0,0,0
1850,1,0,0,0,0,0,0
1875,1,0,0,0,0,0,0
1900,1,0,0,0,0,0,0
1925,1,0,0,0,0,0,0
1950,1,0,0,0,0,0,0
1975,1,0,0,0,0,0,0
2000,1,0,0,0,0,0,0
2025,1,0,0,0,0,0,0
2050,1,0,0,0,0,0,0
2075,1,0,0,0,0,0,0
2100,1,0,0,0,0,0,0
2125,1,0,0,0,0,0,0
2150,1,0,0,0,0,0,0
2175,1,0,0,0,0,0,0
2200,1,0,0,0,0,0,0
2225,1,0,0,0,0,0,0
2250,1,0,0,0,0,0,0
2275,1,0,0,0,0,0,0
2300,1,0,0,0,0,0,0
2325,1,0,0,0,0,0,0
2350,1,0,0,0,0,0,0
2375,1,0,0,0,0,0,0
2400,1,0,0,0,0,0,0
2425,1,0,0,0,0,0,0
2450,1,0,0,0,0,0,0
2475,1,0,0,0,0,0,0
2500,1,0,0,0,0,0,0
2525,1,0,0,0,0,0,0
2550,1,0,0,0,0,0,0
2575,1,0,0,0,0,0,0
2600,1,0,0,0,0,0,0
2625,1,0,0,0,0,0,0
2650,1,0,0,0,0,0,0
2675,1,0,0,0,0,0,0
2700,1,0,0,0,0,0,0
2725,1,0,0,0,0,0,0
2750,0,0,1,0,0,0,0
2775,0,0,1,0,0,0,0
2800,0,0,1,0,0,0,0
2825,0,0,1,0,0,0,0
2850,0,0,1,0,0,0,0
2875,0,0,1,0,0,0,0
2900,0,0,1,0,0,0,0
2925,0,0,1,0,0,0,0
2950,0,0,1,0,0,0,0
2975,0,0,1,0,0,0,0
3000,0,0,1,0,0,0,0
3025,0,0,1,0,0,0,0
3050,0,0,1,0,0,0,0
3075,0,0,1,0,0,0,0
3100,0,0,1,0,0,0,0
3125,0,0,1,0,0,0,0
3150,0,0,1,0,0,0,0
3175,0,0,1,0,0,0,0
3200,0,0,1,0,0,0,0
3225,0,0,1,0,0,0,0
3250,0,0,1,0,0,0,0
3275,0,0,1,0,0,0,0
3300,0,0,1,0,0,0,0
3325,0,0,1,0,0,0,0
3350,0,0,1,0,0,0,0
3375,0,0,1,0,0,0,0
3400,0,0,1,0,0,0,0
3425,1,0,0,0,0,0,0
3450,1,0,0,0,0,0,0
3475,1,0,0,0,0,0,0
3500,1,0,0,0,0,0,0
3525,1,0,0,0,0,0,0
3550,1,0,0,0,0,0,0
3575,1,0,0,0,0,0,0
3600,1,0,0,0,0,0,0
3625,1,0,0,0,0,0,0
3650,1,0,0,0,0,0,0
3675,1,0,0,0,0,0,0
3700,1,0,0,0,0,0,0
3725,1,0,0,0,0,0,0
3750,1,0,0,0,0,0,0
3775,1,0,0,0,0,0,0
3800,1,0,0,0,0,0,0
3825,1,0,0,0,0,0,0
3850,1,0,0,0,0,0,0
3875,1,0,1,0,0,0,0
3900,1,0,1,0,0,0,0
3925,1,0,1,0,0,0,0
3950,1,0,1,0,0,0,0
3975,1,0,1,0,0,0,0
4000,1,0,1,0,0,0,0
4025,1,0,1,0,0,0,0
4050,1,0,1,0,0,0,0
4075,1,0,1,0,0,0,0
4100,1,0,1,0,0,0,0
4125,1,0,1,0,0,0,0
4150,1,0,1,0,0,0,0
4175,1,0,1,0,0,0,0
4200,1,0,1,0,0,0,0
4225,1,0,1,0,0,0,0
4250,1,0,1,0,0,0,0
4275,1,0,1,0,0,0,0
4300,1,0,1,0,0,0,0
4325,1,0,1,0,0,0,0
4350,1,0,1,0,0,0,0
4375,1,0,1,0,0,0,0
4400,1,0,1,0,0,0,0
4425,1,0,1,0,0,0,0
4450,1,0,1,0,0,0,0
4475,1,0,1,0,0,0,0
4500,1,0,1,0,0,0,0
4525,1,0,1,0,0,0,0
4550,1,0,1,0,0,0,0
4575,1,0,1,0,0,0,0
4600,1,0,1,0,0,0,0
4625,1,0,1,0,0,0,0
4650,1,0,1,0,0,0,0
4675,1,0,1,0,0,0,0
4700,1,0,1,0,0,0,0
4725,1,0,1,0,0,0,0
4750,1,0,1,0,0,0,0
4775,1,0,1,0,0,0,0
4800,1,0,1,0,0,0,0
4825,1,0,1,0,0,0,0
4850,1,0,1,0,0,0,0
4875,1,0,1,0,0,0,0
4900,1,0,1,0,0,0,0
4925,1,0,1,0,0,0,0
4950,1,0,1,0,0,0,0
4975,1,0,1,0,0,0,0
5000,1,0,1,0,0,0,0
5025,1,0,1,0,0,0,0
5050,1,0,1,0,0,0,0
5075,1,0,1,0,0,0,0
5100,1,0,1,0,0,0,0
5125,1,0,1,0,0,0,0
5150,1,0,1,0,0,0,0
5175,1,0,1,0,0,0,0
5200,1,0,1,0,0,0,0
5225,1,0,1,0,0,0,0
5250,1,0,1,0,0,0,0
5275,1,0,1,0,0,0,0
5300,1,0,1,0,0,0,0
5325,1,0,1,0,0,0,0
5350,1,0,1,0,0,0,0
5375,1,0,1,0,0,0,0
5400,1,0,1,0,0,0,0
5425,1,0,1,0,0,0,0
5450,1,0,1,0,0,0,0
5475,1,0,1,0,0,0,0
5500,1,0,1,0,0,0,0
5525,1,0,1,0,0,0,0
5550,1,0,1,0,0,0,0
5575,1,1,0,0,0,0,0
5600,1,1,0,0,0,0,0
5625,1,1,0,0,0,0,0
5650,1,1,0,0,0,0,0
5675,1,1,0,0,0,0,0
5700,1,1,0,0,0,0,0
5725,1,1,0,0,0,0,0
5750,1,1,0,0,0,0,0
5775,1,1,0,0,0,0,0
5800,1,1,0,0,0,0,0
5825,1,1,0,0,0,0,0
5850,1,1,0,0,0,0,0
5875,1,1,0,0,0,0,0
5900,1,1,0,0,0,0,0
5925,1,1,0,0,0,0,0
5950,1,1,0,0,0,0,0
5975,1,1,0,0,0,0,0
6000,1,1,0,0,0,0,0
6025,1,1,0,0,0,0,0
6050,1,1,0,0,0,0,0
6075,1,1,0,0,0,0,0
6100,1,1,0,0,0,0,0
6125,1,1,0,0,0,0,0
6150,1,1,0,0,0,0,0
6175,1,1,0,0,0,0,0
6200,1,1,0,0,0,0,0
6225,1,1,0,0,0,0,0
6250,1,1,0,0,0,0,0
6275,1,1,0,0,0,0,0
6300,1,1,0,0,0,0,0
6325,1,1,0,0,0,0,0
6350,1,1,0,0,0,0,0
6375,1,0,1,0,0,0,0
6400,1,0,1,0,0,0,0
6425,1,0,1,0,0,0,0
6450,1,0,1,0,0,0,0
6475,1,0,1,0,0,0,0
6500,1,0,1,0,0,0,0
6525,1,0,1,0,0,0,0
6550,1,0,1,0,0,0,0
6575,1,0,1,0,0,0,0
6600,1,0,1,0,0,0,0
6625,1,0,1,0,0,0,0
6650,1,0,1,0,0,0,0
6675,1,0,1,0,0,0,0
6700,1,0,1,0,0,0,0
6725,1,0,1,0,0,0,0
6750,1,0,1,0,0,0,0
6775,1,0,1,0,0,0,0
6800,1,0,1,0,0,0,0
6825,1,0,1,0,0,0,0
6850,1,0,1,0,0,0,0
6875,1,0,1,0,0,0,0
6900,1,0,1,0,0,0,0
6925,1,0,1,0,0,0,0
6950,1,0,1,0,0,0,0
6975,1,0,1,0,0,0,0
7000,1,0,1,0,0,0,0
7025,1,0,1,0,0,0,0
7050,1,0,1,0,0,0,0
7075,1,0,1,0,0,0,0
7100,1,0,1,0,0,0,0
7125,0,0,1,0,0,0,0
7150,0,0,1,0,0,0,0
7175,0,0,1,0,0,0,0
7200,0,0,1,0,0,0,0
7225,0,0,1,0,0,0,0
7250,0,0,1,0,0,0,0
7275,0,0,1,0,0,0,0
7300,0,0,1,0,0,0,0
7325,0,0,1,0,0,0,0
7350,0,0,1,0,0,0,0
7375,0,0,1,0,0,0,0
7400,0,0,1,0,0,0,0
7425,0,0,1,0,0,0,0
7450,0,0,1,0,0,0,0
7475,0,0,1,0,0,0,0
7500,0,0,1,0,0,0,0
7525,0,0,1,0,0,0,0
7550,0,0,1,0,0,0,0
7575,0,0,1,0,0,0,0
7600,0,0,1,0,0,0,0
7625,0,0,1,0,0,0,0
7650,0,0,0,0,0,0,0
7675,0,0,0,0,0,0,0
7700,0,0,0,0,0,0,0
7725,0,0,0,0,0,0,0
7750,0,0,0,0,0,0,0
7775,0,0,0,0,0,0,0
7800,0,0,0,0,0,0,0
7825,0,0,0,0,0,0,0
7850,0,0,0,0,0,0,0
7875,0,0,0,0,0,0,0
7900,0,0,0,0,0,0,0
7925,0,0,0,0,0,0,0
7950,0,0,0,0,0,0,0
7975,0,0,0,0,0,0,0
8000,0,0,0,0,0,0,0
8025,0,0,0,0,0,0,0
8050,0,0,0,0,0,0,0
8075,0,0,0,0,0,0,0
8100,0,0,0,0,0,0,0
8125,0,0,0,0,0,0,0
8150,0,0,0,0,0,0,0
8175,0,0,0,0,0,0,0
8200,0,0,0,0,0,0,0
8225,0,0,0,0,0,0,0
8250,0,0,0,0,0,0,0
8275,0,0,0,0,0,0,0
8300,0,0,0,0,0,0,0
8325,0,0,0,0,0,0,0
8350,0,0,0,0,0,0,0
8375,0,0,0,0,0,0,0
8400,0,0,1,0,0,0,0
8425,0,0,1,0,0,0,0
8450,0,0,1,0,0,0,0
8475,0,0,1,0,0,0,0
8500,0,0,1,0,0,0,0
8525,0,0,1,0,0,0,0
8550,0,0,1,0,0,0,0
8575,0,0,1,0,0,0,0
8600,0,0,1,0,0,0,0
8625,0,0,1,0,0,0,0
8650,0,0,1,0,0,0,0
8675,0,0,1,0,0,0,0
8700,0,0,1,0,0,0,0
8725,0,0,1,0,0,0,0
8750,0,0,1,0,0,0,0
8775,1,0,1,0,0,0,0
8800,1,0,1,0,0,0,0
8825,1,0,1,0,0,0,0
8850,1,0,1,0,0,0,0
8875,1,0,1,0,0,0,0
8900,1,0,1,0,0,0,0
8925,1,0,1,0,0,0,0
8950,1,0,1,0,0,0,0
8975,1,0,1,0,0,0,0
9000,1,0,1,0,0,0,0
9025,1,0,1,0,0,0,0
9050,1,0,1,0,0,0,0
9075,1,0,1,0,0,0,0
9100,1,0,1,0,0,0,0
9125,1,0,1,0,0,0,0
9150,1,0,1,0,0,0,0
9175,1,0,1,0,0,0,0
9200,1,0,1,0,0,0,0
9225,1,0,1,0,0,0,0
9250,1,0,1,0,0,0,0
9275,1,0,1,0,0,0,0
9300,1,0,1,0,0,0,0
9325,1,0,1,0,0,0,0
9350,1,0,1,0,0,0,0
9375,1,0,1,0,0,0,0
9400,1,0,1,0,0,0,0
9425,1,0,1,0,0,0,0
9450,1,0,1,0,0,0,0
9475,1,0,1,0,0,0,0
9500,1,0,1,0,0,0,0
9525,1,0,1,0,0,0,0
9550,1,0,1,0,0,0,0
9575,1,0,1,0,0,0,0
9600,1,0,1,0,0,0,0
9625,1,0,1,0,0,0,0
9650,1,0,1,0,0,0,0
9675,1,0,1,0,0,0,0
9700,1,0,1,0,0,0,0
9725,1,0,1,0,0,0,0
9750,1,0,1,0,0,0,0
9775,1,0,1,0,0,0,0
9800,1,0,1,0,0,0,0
9825,1,0,1,0,0,0,0
9850,1,0,1,0,0,0,0
9875,1,0,1,0,0,0,0
9900,1,0,1,0,0,0,0
9925,1,0,1,0,0,0,0
9950,1,0,1,0,0,0,0
9975,1,0,1,0,0,0,0
10000,1,0,1,0,0,0,0
10025,1,0,1,0,0,0,0
10050,1,0,1,0,0,0,0
10075,1,0,1,0,0,0,0
10100,1,0,1,0,0,0,0
10125,0,0,1,0,0,0,0
10150,0,0,1,0,0,0,0
10175,0,0,1,0,0,0,0
10200,0,0,1,0,0,0,0
10225,0,0,1,0,0,0,0
10250,0,0,1,0,0,0,0
10275,0,0,1,0,0,0,0
10300,0,0,1,0,0,0,0
10325,0,0,1,0,0,0,0
10350,0,0,1,0,0,0,0
10375,0,0,1,0,0,0,0
10400,0,0,1,0,0,0,0
10425,0,0,1,0,0,0,0
10450,0,0,1,0,0,0,0
10475,0,0,1,0,0,0,0
10500,0,0,1,0,0,0,0
10525,0,0,1,0,0,0,0
10550,0,0,1,0,0,0,0
10575,0,0,1,0,0,0,0
10600,0,0,1,0,0,0,0
10625,0,0,1,0,0,0,0
10650,0,0,1,0,0,0,0
10675,0,0,1,0,0,0,0
10700,0,0,1,0,0,0,0
10725,0,0,1,0,0,0,0
10750,0,0,1,0,0,0,0
10775,0,0,1,0,0,0,0
10800,0,0,1,0,0,0,0
10825,0,0,1,0,0,0,0
10850,0,0,1,0,0,0,0
10875,0,0,1,0,0,0,0
10900,0,0,1,0,0,0,0
10925,0,0,1,0,0,0,0
10950,0,0,1,0,0,0,0
10975,0,0,1,0,0,0,0
11000,0,0,1,0,0,0,0
11025,0,0,1,0,0,0,0
11050,0,0,1,0,0,0,0
11075,0,0,1,0,0,0,0
11100,0,0,1,0,0,0,0
11125,0,0,1,0,0,0,0
11150,0,0,1,0,0,0,0
11175,0,0,1,0,0,0,0
11200,0,0,1,0,0,0,0
11225,0,0,1,0,0,0,0
11250,0,0,1,0,0,0,0
11275,0,0,1,0,0,0,0
11300,0,0,1,0,0,0,0
11325,0,0,1,0,0,0,0
11350,0,0,1,0,0,0,0
11375,0,0,1,0,0,0,0
11400,0,0,1,0,0,0,0
11425,0,0,1,0,0,0,0
11450,0,0,1,0,0,0,0
11475,0,0,1,0,0,0,0
11500,0,0,1,0,0,0,0
11525,0,0,1,0,0,0,0
11550,0,0,1,0,0,0,0
11575,0,0,1,0,0,0,0
11600,0,0,1,0,0,0,0
11625,0,0,1,0,0,0,0
11650,0,0,1,0,0,0,0
11675,0,0,1,0,0,0,0
11700,0,0,1,0,0,0,0
11725,0,0,1,0,0,0,0
11750,0,0,1,0,0,0,0
11775,0,0,1,0,0,0,0
11800,0,0,1,0,0,0,0
11825,0,0,1,0,0,0,0
11850,0,0,1,0,0,0,0
11875,0,0,1,0,0,0,0
11900,0,0,1,0,0,0,0
11925,0,0,1,0,0,0,0
11950,0,0,1,0,0,0,0
11975,1,0,1,0,0,0,0
12000,1,0,1,0,0,0,0
12025,1,0,1,0,0,0,0
12050,1,0,1,0,0,0,0
12075,1,0,1,0,0,0,0
12100,1,0,1,0,0,0,0
12125,1,0,1,0,0,0,0
12150,1,0,1,0,0,0,0
12175,1,0,1,0,0,0,0
12200,1,0,1,0,0,0,0
12225,1,0,1,0,0,0,0
12250,1,0,1,0,0,0,0
12275,1,0,1,0,0,0,0
12300,1,0,1,0,0,0,0
12325,1,0,1,0,0,0,0
12350,1,0,1,0,0,0,0
12375,1,0,1,0,0,0,0
12400,1,0,1,0,0,0,0
12425,1,0,1,0,0,0,0
12450,1,0,1,0,0,0,0
12475,1,0,1,0,0,0,0
12500,1,0,1,0,0,0,0
12525,1,0,1,0,0,0,0
12550,1,0,1,0,0,0,0
12575,1,0,1,0,0,0,0
12600,1,0,1,0,0,0,0
12625,0,0,1,0,0,0,0
12650,0,0,1,0,0,0,0
12675,0,0,1,0,0,0,0
12700,0,0,1,0,0,0,0
12725,0,0,1,0,0,0,0
12750,0,0,1,0,0,0,0
12775,0,0,1,0,0,0,0
12800,0,0,1,0,0,0,0
12825,0,0,1,0,0,0,0
12850,0,0,1,0,0,0,0
12875,0,0,1,0,0,0,0
12900,0,0,1,0,0,0,0
12925,0,0,1,0,0,0,0
12950,0,0,1,0,0,0,0
12975,0,0,1,0,0,0,0
13000,0,0,1,0,0,0,0
13025,0,0,1,0,0,0,0
13050,0,0,1,0,0,0,0
13075,0,0,1,0,0,0,0
13100,0,0,1,0,0,0,0
13125,0,0,1,0,0,0,0
13150,0,0,1,0,0,0,0
13175,0,0,1,0,0,0,0
13200,0,0,1,0,0,0,0
13225,0,0,1,0,0,0,0
13250,0,0,1,0,0,0,0
13275,0,0,1,0,0,0,0
13300,0,0,1,0,0,0,0
13325,0,0,1,0,0,0,0
13350,0,0,1,0,0,0,0
13375,0,0,1,0,0,0,0
13400,0,0,1,0,0,0,0
13425,1,0,0,0,0,0,0
13450,1,0,0,0,0,0,0
13475,1,0,0,0,0,0,0
13500,1,0,0,0,0,0,0
13525,1,0,0,0,0,0,0
13550,1,0,0,0,0,0,0
13575,1,0,0,0,0,0,0
13600,1,0,0,0,0,0,0
13625,1,0,0,0,0,0,0
13650,1,0,0,0,0,0,0
13675,1,0,0,0,0,0,0
13700,1,0,0,0,0,0,0
13725,1,0,0,0,0,0,0
13750,1,0,0,0,0,0,0
13775,1,0,0,0,0,0,0
13800,1,0,0,0,0,0,0
13825,1,0,0,0,0,0,0
13850,1,0,0,0,0,0,0
13875,1,0,0,0,0,0,0
13900,1,0,0,0,0,0,0
13925,1,0,0,0,0,0,0
13950,1,0,0,0,0,0,0
13975,1,0,0,0,0,0,0
14000,1,0,0,0,0,0,0
14025,1,0,0,0,0,0,0
14050,1,0,0,0,0,0,0
14075,1,0,0,0,0,0,0
14100,1,0,0,0,0,0,0
14125,1,0,0,0,0,0,0
14150,1,0,1,0,0,0,0
14175,1,0,1,0,0,0,0
14200,1,0,1,0,0,0,0
14225,1,0,1,0,0,0,0
14250,1,0,1,0,0,0,0
14275,1,0,1,0,0,0,0
14300,1,0,1,0,0,0,0
14325,1,0,1,0,0,0,0
14350,1,0,1,0,0,0,0
14375,1,0,1,0,0,0,0
14400,1,0,1,0,0,0,0
14425,1,0,1,0,0,0,0
14450,1,0,1,0,0,0,0
14475,1,0,1,0,0,0,0
14500,1,0,1,0,0,0,0
14525,1,0,1,0,0,0,0
14550,1,0,1,0,0,0,0
14575,1,0,1,0,0,0,0
14600,1,0,1,0,0,0,0
14625,1,0,1,0,0,0,0
14650,1,0,1,0,0,0,0
14675,1,0,1,0,0,0,0
14700,1,0,1,0,0,0,0
14725,1,0,1,0,0,0,0
14750,1,0,1,0,0,0,0
14775,1,0,1,0,0,0,0
14800,1,0,1,0,0,0,0
14825,1,0,1,0,0,0,0
14850,1,0,1,0,0,0,0
14875,1,0,1,0,0,0,0
14900,1,0,1,0,0,0,0
14925,1,0,1,0,0,0,0
14950,1,0,1,0,0,0,0
14975,1,0,1,0,0,0,0
15000,0,0,0,0,0,0,0
15025,0,0,0,0,0,0,0
15050,0,0,0,0,0,0,0
15075,0,0,0,0,0,0,0
15100,0,0,0,0,0,0,0
15125,0,0,0,0,0,0,0
15150,0,0,0,0,0,0,0
15175,0,0,0,0,0,0,0
15200,0,0,0,0,0,0,0
15225,0,0,0,0,0,0,0
15250,0,0,0,0,0,0,0
15275,0,0,0,0,0,0,0
15300,0,0,0,0,0,0,0
15325,0,0,0,0,0,0,0
15350,0,0,0,0,0,0,0
15375,0,0,0,0,0,0,0
15400,0,0,0,0,0,0,0
15425,0,0,0,0,0,0,0
15450,0,0,0,0,0,0,0
15475,0,0,0,0,0,0,0
15500,0,0,0,0,0,0,0
15525,0,0,0,0,0,0,0
15550,0,0,0,0,0,0,0
15575,0,0,0,0,0,0,0
15600,0,0,0,0,0,0,0
15625,0,0,0,0,0,0,0
15650,0,0,0,0,0,0,0
15675,0,0,0,0,0,0,0
15700,0,0,0,0,0,0,0
15725,0,0,0,0,0,0,0
15750,0,0,0,0,0,0,0
15775,0,0,0,0,0,0,0
15800,0,0,0,0,0,0,0
15825,0,0,0,0,0,0,0
15850,1,0,1,0,0,0,0
15875,1,0,1,0,0,0,0
15900,1,0,1,0,0,0,0
15925,1,0,1,0,0,0,0
15950,1,0,1,0,0,0,0
15975,1,0,1,0,0,0,0
16000,1,0,1,0,0,0,0
16025,1,0,1,0,0,0,0
16050,1,0,1,0,0,0,0
16075,1,0,1,0,0,0,0
16100,1,0,1,0,0,0,0
16125,1,0,1,0,0,0,0
16150,1,0,1,0,0,0,0
16175,1,0,1,0,0,0,0
16200,1,0,1,0,0,0,0
16225,1,0,1,0,0,0,0
16250,1,0,1,0,0,0,0
16275,1,0,1,0,0,0,0
16300,1,0,1,0,0,0,0
16325,1,0,1,0,0,0,0
16350,1,0,1,0,0,0,0
16375,1,0,1,0,0,0,0
16400,1,0,1,0,0,0,0
16425,1,0,1,0,0,0,0
16450,1,0,1,0,0,0,0
16475,1,0,1,0,0,0,0
16500,1,0,1,0,0,0,0
16525,1,0,1,0,0,0,0
16550,1,0,1,0,0,0,0
16575,1,0,1,0,0,0,0
16600,1,0,1,0,0,0,0
16625,1,0,1,0,0,0,0
16650,1,0,1,0,0,0,0
16675,1,0,1,0,0,0,0
16700,1,0,1,0,0,0,0
16725,1,0,1,0,0,0,0
16750,1,0,1,0,0,0,0
16775,1,0,1,0,0,0,0
16800,1,0,1,0,0,0,0
16825,1,0,1,0,0,0,0
16850,1,0,1,0,0,0,0
16875,1,0,1,0,0,0,0
16900,1,0,1,0,0,0,0
16925,1,0,1,0,0,0,0
16950,1,0,1,0,0,0,0
16975,1,0,1,0,0,0,0
17000,1,0,1,0,0,0,0
17025,1,0,1,0,0,0,0
17050,1,0,1,0,0,0,0
17075,1,0,1,0,0,0,0
17100,1,0,1,0,0,0,0
17125,1,0,1,0,0,0,0
17150,1,0,1,0,0,0,0
17175,1,0,1,0,0,0,0
17200,1,0,1,0,0,0,0
17225,1,0,1,0,0,0,0
17250,1,0,1,0,0,0,0
17275,1,0,1,0,0,0,0
17300,1,0,1,0,0,0,0
17325,1,0,1,0,0,0,0
17350,1,0,1,0,0,0,0
17375,1,0,1,0,0,0,0
17400,1,0,1,0,0,0,0
17425,0,0,1,0,0,0,0
17450,0,0,1,0,0,0,0
17475,0,0,1,0,0,0,0
17500,0,0,1,0,0,0,0
17525,0,0,1,0,0,0,0
17550,0,0,1,0,0,0,0
17575,0,0,1,0,0,0,0
17600,1,0,1,0,0,0,0
17625,1,0,1,0,0,0,0
17650,1,0,1,0,0,0,0
17675,1,0,1,0,0,0,0
17700,1,0,1,0,0,0,0
17725,1,0,1,0,0,0,0
17750,1,0,1,0,0,0,0
17775,1,0,1,0,0,0,0
17800,1,0,1,0,0,0,0
17825,1,0,1,0,0,0,0
17850,1,0,1,0,0,0,0
17875,1,0,1,0,0,0,0
17900,1,0,1,0,0,0,0
17925,1,0,1,0,0,0,0
17950,1,0,1,0,0,0,0
17975,1,0,1,0,0,0,0
18000,1,0,1,0,0,0,0
18025,1,0,1,0,0,0,0
18050,1,0,1,0,0,0,0
18075,0,0,0,0,0,0,0
18100,0,0,0,0,0,0,0
18125,0,0,0,0,0,0,0
18150,0,0,0,0,0,0,0
18175,0,0,0,0,0,0,0
18200,0,0,0,0,0,0,0
18225,0,0,0,0,0,0,0
18250,0,0,0,0,0,0,0
18275,0,0,0,0,0,0,0
18300,0,0,0,0,0,0,0
18325,0,0,0,0,0,0,0
18350,0,0,0,0,0,0,0
18375,0,0,0,0,0,0,0
18400,0,0,0,0,0,0,0
18425,0,0,0,0,0,0,0
18450,0,0,0,0,0,0,0
18475,0,0,0,0,0,0,0
18500,0,0,0,0,0,0,0
18525,0,0,0,0,0,0,0
18550,0,0,0,0,0,0,0
18575,0,0,0,0,0,0,0
18600,0,0,0,0,0,0,0
18625,0,0,0,0,0,0,0
18650,0,0,0,0,0,0,0
18675,0,0,0,0,0,0,0
18700,0,0,0,0,0,0,0
18725,0,0,0,0,0,1,0
18750,0,0,0,0,0,1,0
18775,0,0,0,0,0,1,0
18800,0,0,0,0,0,1,0
18825,0,0,0,0,0,1,0
18850,0,0,0,0,0,1,0
18875,0,0,0,0,0,1,0
18900,0,0,0,0,0,1,0
18925,0,0,0,0,0,1,0
18950,0,0,0,0,0,1,0
18975,0,0,0,0,0,1,0
19000,0,0,0,0,0,1,0
19025,0,0,0,0,0,1,0
19050,0,0,0,0,0,1,0
19075,0,0,0,0,0,1,0
19100,0,0,0,0,0,1,0
19125,0,0,0,0,0,1,0
19150,0,0,0,0,0,1,0
19175,0,0,0,0,0,1,0
19200,0,0,0,0,0,1,0
19225,0,0,0,0,0,1,0
19250,0,0,0,0,0,1,0
19275,0,0,0,0,0,1,0
19300,0,0,0,0,0,1,0
19325,0,0,0,0,0,1,0
19350,0,0,0,0,0,1,0
19375,0,0,0,0,0,1,0
19400,0,0,0,0,0,1,0
19425,1,0,0,0,1,0,0
19450,1,0,0,0,1,0,0
19475,1,0,0,0,1,0,0
19500,1,0,0,0,1,0,0
19525,1,0,0,0,1,0,0
19550,1,0,0,0,1,0,0
19575,1,0,0,0,1,0,0
19600,1,0,0,0,1,0,0
19625,1,0,0,0,1,0,0
19650,1,0,0,0,1,0,0
19675,1,0,0,0,1,0,0
19700,1,0,0,0,1,0,0
19725,1,0,0,0,1,0,0
19750,1,0,0,0,1,0,0
19775,1,0,0,0,1,0,0
19800,1,0,0,0,1,0,0
19825,1,0,0,0,1,0,0
19850,1,0,0,0,1,0,0
19875,1,0,0,0,1,0,0
19900,1,0,0,0,1,0,0
19925,1,0,0,0,1,0,0
19950,1,0,0,0,1,0,0
19975,1,0,0,0,1,0,0
20000,1,0,0,0,1,0,0
20025,1,0,0,0,1,0,0
20050,1,0,0,0,1,0,0
20075,1,0,0,0,1,0,0
20100,1,0,0,0,1,0,0
20125,1,0,0,0,1,0,0
20150,1,0,0,0,1,0,0
20175,1,0,0,0,1,0,0
20200,1,0,0,0,1,0,0
20225,1,0,0,0,1,0,0
20250,1,0,0,0,1,0,0
20275,1,0,0,0,1,0,0
20300,1,0,0,0,1,0,0
20325,1,0,0,0,1,0,0
20350,1,0,0,0,1,0,0
20375,1,0,0,0,1,0,0
20400,1,0,0,0,1,0,0
20425,1,0,0,0,1,0,0
20450,1,0,0,0,1,0,0
20475,1,0,0,0,1,0,0
20500,1,0,0,0,1,0,0
20525,1,0,0,0,1,0,0
20550,1,0,0,0,1,0,0
20575,1,0,0,0,1,0,0
20600,1,0,0,0,1,0,0
20625,1,0,0,0,1,0,0
20650,1,0,0,0,1,0,0
20675,1,0,0,0,1,0,0
20700,1,0,0,0,1,0,0
20725,1,0,0,0,1,0,0
20750,1,0,0,0,1,0,0
20775,1,0,0,0,1,0,0
20800,1,0,0,0,1,0,0
20825,1,0,0,0,1,0,0
20850,1,0,0,0,1,0,0
20875,1,0,0,0,1,0,0
20900,1,0,0,0,1,0,0
20925,1,0,0,0,1,0,0
20950,1,0,0,0,0,0,0
20975,1,0,0,0,0,0,0
21000,1,0,0,0,0,0,0
21025,1,0,0,0,0,0,0
21050,1,0,0,0,0,0,0
21075,1,0,0,0,0,0,0
21100,1,0,0,0,0,0,0
21125,1,0,0,0,0,0,0
21150,1,0,0,0,0,0,0
21175,1,0,0,0,0,0,0
21200,1,0,0,0,0,0,0
21225,1,0,0,0,0,0,0
21250,1,0,0,0,0,0,0
21275,1,0,0,0,0,0,0
21300,1,0,0,1,0,0,0
21325,1,0,0,1,0,0,0
21350,1,0,0,1,0,0,0
21375,1,0,0,1,0,0,0
21400,1,0,0,1,0,0,0
21425,1,0,0,1,0,0,0
21450,1,0,0,1,0,0,0
21475,1,0,0,1,0,0,0
21500,1,0,0,1,0,0,0
21525,1,0,0,1,0,0,0
21550,1,0,0,1,0,0,0
21575,1,0,0,1,0,0,0
21600,1,0,0,1,0,0,0
21625,1,0,0,1,0,0,0
21650,1,0,0,1,0,0,0
21675,1,0,0,1,0,0,0
21700,1,0,0,1,0,0,0
21725,1,0,0,1,0,0,0
21750,1,0,0,1,0,0,0
21775,1,0,0,1,0,0,0
21800,1,0,0,1,0,0,0
21825,1,0,0,1,0,0,0
21850,1,0,0,1,0,0,0
21875,1,0,0,1,0,0,0
21900,0,0,1,0,0,0,0
21925,0,0,1,0,0,0,0
21950,0,0,1,0,0,0,0
21975,0,0,1,0,0,0,0
22000,0,0,1,0,0,0,0
22025,0,0,1,0,0,0,0
22050,0,0,1,0,0,0,0
22075,0,0,1,0,0,0,0
22100,0,0,1,0,0,0,0
22125,0,0,1,0,0,0,0
22150,0,0,1,0,0,0,0
22175,0,0,1,0,0,0,0
22200,0,0,1,0,0,0,0
22225,0,0,1,0,0,0,0
22250,0,0,1,0,0,0,0
22275,0,0,1,0,0,0,0
22300,0,0,1,0,0,0,0
22325,0,0,1,0,0,0,0
22350,0,0,1,0,0,0,0
22375,0,0,1,0,0,0,0
22400,0,0,1,0,0,0,0
22425,0,0,1,0,0,0,0
22450,0,0,1,0,0,0,0
22475,0,0,1,0,0,0,0
22500,0,0,1,0,0,0,0
22525,1,0,1,0,0,0,0
22550,1,0,1,0,0,0,0
22575,1,0,1,0,0,0,0
22600,1,0,1,0,0,0,0
22625,1,0,1,0,0,0,0
22650,1,0,1,0,0,0,0
22675,1,0,1,0,0,0,0
22700,1,0,1,0,0,0,0
22725,1,0,1,0,0,0,0
22750,1,0,1,0,0,0,0
22775,1,0,1,0,0,0,0
22800,1,0,1,0,0,0,0
22825,1,0,1,0,0,0,0
22850,1,0,1,0,0,0,0
22875,1,0,1,0,0,0,0
22900,1,0,1,0,0,0,0
22925,1,0,1,0,0,0,0
22950,1,0,1,0,0,0,0
22975,1,0,1,0,0,0,0
23000,1,0,1,0,0,0,0
23025,1,0,1,0,0,0,0
23050,1,0,1,0,0,0,0
23075,1,0,1,0,0,0,0
23100,1,0,1,0,0,0,0
23125,1,0,1,0,0,0,0
23150,1,0,1,0,0,0,0
23175,1,0,1,0,0,0,0
23200,0,0,0,0,0,0,0
23225,0,0,0,0,0,0,0
23250,0,0,0,0,0,0,0
23275,0,0,0,0,0,0,0
23300,0,0,0,0,0,0,0
23325,0,0,0,0,0,0,0
23350,0,0,0,0,0,0,0
23375,0,0,0,0,0,0,0
23400,0,0,0,0,0,0,0
23425,0,0,0,0,0,0,0
23450,0,0,0,0,0,0,0
23475,0,0,0,0,0,0,0
23500,0,0,0,0,0,0,0
23525,0,0,0,0,0,0,0
23550,0,0,0,0,0,0,0
23575,0,0,0,0,0,0,0
23600,0,0,0,0,0,0,0
23625,0,0,0,0,0,0,0
23650,0,0,0,0,0,0,0
23675,0,0,0,0,0,0,0
23700,0,0,0,0,0,0,0
23725,1,0,1,0,0,0,0
23750,1,0,1,0,0,0,0
23775,1,0,1,0,0,0,0
23800,1,0,1,0,0,0,0
23825,1,0,1,0,0,0,0
23850,1,0,1,0,0,0,0
23875,1,0,1,0,0,0,0
23900,1,0,1,0,0,0,0
23925,1,0,1,0,0,0,0
23950,1,0,1,0,0,0,0
23975,1,0,1,0,0,0,0
24000,1,0,1,0,0,0,0
24025,1,0,1,0,0,0,0
24050,1,0,1,0,0,0,0
24075,1,0,1,0,0,0,0
24100,1,0,1,0,0,0,0
24125,1,0,1,0,0,0,0
24150,1,0,1,0,0,0,0
24175,1,0,1,0,0,0,0
24200,1,0,1,0,0,0,0
24225,1,0,1,0,0,0,0
24250,1,0,1,0,0,0,0
24275,1,0,1,0,0,0,0
24300,1,0,1,0,0,0,0
24325,1,0,1,0,0,0,0
24350,1,0,1,0,0,0,0
24375,1,0,1,0,0,0,0
24400,1,0,1,0,0,0,0
24425,1,0,1,0,0,0,0
24450,1,0,1,0,0,0,0
24475,1,0,1,0,0,0,0
24500,1,0,1,0,0,0,0
24525,1,0,1,0,0,0,0
24550,1,0,1,0,0,0,0
24575,1,0,1,0,0,0,0
24600,1,0,1,0,0,0,0
24625,1,0,1,0,0,0,0
24650,1,0,1,0,0,0,0
24675,1,0,1,0,0,0,0
24700,1,0,1,0,0,0,0
24725,1,0,1,0,0,0,0
24750,1,0,1,0,0,0,0
24775,1,0,1,0,0,0,0
24800,1,0,1,0,0,0,0
24825,1,0,1,0,0,0,0
24850,1,0,1,0,0,0,0
24875,1,0,1,0,0,0,0
24900,1,0,1,0,0,0,0
24925,1,0,1,0,0,0,0
24950,1,0,1,0,0,0,0
24975,1,0,1,0,0,0,0
25000,1,0,1,0,0,0,0
25025,1,0,1,0,0,0,0
25050,1,0,1,0,0,0,0
25075,1,0,1,0,0,0,0
25100,1,0,1,0,0,0,0
25125,1,0,1,0,0,0,0
25150,1,0,1,0,0,0,0
25175,1,0,1,0,0,0,0
25200,1,0,1,0,0,0,0
25225,1,0,1,0,0,0,0
25250,1,0,1,0,0,0,0
25275,1,0,1,0,0,0,0
25300,1,0,1,0,0,0,0
25325,1,0,1,0,0,0,0
25350,1,0,1,0,0,0,0
25375,1,0,1,0,0,0,0
25400,1,0,1,0,0,0,0
25425,1,0,1,0,0,0,0
25450,1,0,1,0,0,0,0
25475,1,0,1,0,0,0,0
25500,1,0,1,0,0,0,0
25525,1,0,1,0,0,0,0
25550,1,0,1,0,0,0,0
25575,1,0,1,0,0,0,0
25600,1,0,1,0,0,0,0
25625,1,0,1,0,0,0,0
25650,1,0,1,0,0,0,0
25675,1,0,1,0,0,0,0
25700,1,0,1,0,0,0,0
25725,1,0,1,0,0,0,0
25750,1,0,1,0,0,0,0
25775,1,0,1,0,0,0,0
25800,1,0,1,0,0,0,0
25825,1,0,1,0,0,0,0
25850,1,0,1,0,0,0,0
25875,1,0,1,0,0,0,0
25900,1,0,1,0,0,0,0
25925,1,0,1,0,0,0,0
25950,0,0,1,0,0,0,0
25975,0,0,1,0,0,0,0
26000,0,0,1,0,0,0,0
26025,0,0,1,0,0,0,0
26050,0,0,1,0,0,0,0
26075,0,0,1,0,0,0,0
26100,0,0,1,0,0,0,0
26125,0,0,1,0,0,0,0
26150,0,0,1,0,0,0,0
26175,0,0,1,0,0,0,0
26200,0,0,1,0,0,0,0
26225,0,0,1,0,0,0,0
26250,0,0,1,0,0,0,0
26275,0,0,1,0,0,0,0
26300,0,0,1,0,0,0,0
26325,0,0,1,0,0,0,0
26350,0,0,1,0,0,0,0
26375,0,0,1,0,0,0,0
26400,0,0,1,0,0,0,0
26425,0,0,1,0,0,0,0
26450,0,0,1,0,0,0,0
26475,0,0,1,0,0,0,0
26500,0,0,1,0,0,0,0
26525,0,0,1,0,0,0,0
26550,0,0,1,0,0,0,0
26575,0,0,1,0,0,0,0
26600,0,0,1,0,0,0,0
26625,0,0,1,0,0,0,0
26650,0,0,1,0,0,0,0
26675,0,0,1,0,0,0,0
26700,0,0,1,0,0,0,0
26725,0,0,1,0,0,0,0
26750,0,0,1,0,0,0,0
26775,1,0,1,0,0,0,0
26800,1,0,1,0,0,0,0
26825,1,0,1,0,0,0,0
26850,1,0,1,0,0,0,0
26875,1,0,1,0,0,0,0
26900,1,0,1,0,0,0,0
26925,1,0,1,0,0,0,0
26950,1,0,1,0,0,0,0
26975,1,0,1,0,0,0,0
27000,1,0,1,0,0,0,0
27025,1,0,1,0,0,0,0
27050,1,0,1,0,0,0,0
27075,1,0,1,0,0,0,0
27100,1,0,1,0,0,0,0
27125,1,0,1,0,0,0,0
27150,1,0,1,0,0,0,0
27175,1,0,1,0,0,0,0
27200,1,0,1,0,0,0,0
27225,1,0,1,0,0,0,0
27250,1,0,1,0,0,0,0
27275,1,0,1,0,0,0,0
27300,1,0,1,0,0,0,0
27325,1,0,1,0,0,0,0
27350,1,0,1,0,0,0,0
27375,1,0,1,0,0,0,0
27400,1,0,1,0,0,0,0
27425,1,0,1,0,0,0,0
27450,1,0,1,0,0,0,0
27475,1,0,1,0,0,0,0
27500,1,0,1,0,0,0,0
27525,0,0,1,0,0,0,0
27550,0,0,1,0,0,0,0
27575,0,0,1,0,0,0,0
27600,0,0,1,0,0,0,0
27625,0,0,1,0,0,0,0
27650,0,0,1,0,0,0,0
27675,0,0,1,0,0,0,0
27700,0,0,1,0,0,0,0
27725,0,0,1,0,0,0,0
27750,0,0,1,0,0,0,0
27775,0,0,1,0,0,0,0
27800,0,0,1,0,0,0,0
27825,0,0,1,0,0,0,0
27850,0,0,1,0,0,0,0
27875,0,0,1,0,0,0,0
27900,0,0,1,0,0,0,0
27925,0,0,1,0,0,0,0
27950,0,0,1,0,0,0,0
27975,0,0,1,0,0,0,0
28000,0,0,1,0,0,0,0
28025,0,0,1,0,0,0,0
28050,0,0,1,0,0,0,0
28075,0,0,1,0,0,0,0
28100,0,0,1,0,0,0,0
28125,0,0,1,0,0,0,0
28150,0,0,1,0,0,0,0
28175,0,0,1,0,0,0,0
28200,0,0,1,0,0,0,0
28225,0,0,1,0,0,0,0
28250,0,0,1,0,0,0,0
28275,0,0,1,0,0,0,0
28300,0,0,1,0,0,0,0
28325,0,0,1,0,0,0,0
28350,0,0,1,0,0,0,0
28375,0,0,1,0,0,0,0
28400,0,0,1,0,0,0,0
28425,0,0,1,0,0,0,0
28450,0,0,1,0,0,0,0
28475,0,0,1,0,0,0,0
28500,0,0,1,0,0,0,0
28525,0,0,1,0,0,0,0
28550,0,0,1,0,0,0,0
28575,0,0,1,0,0,0,0
28600,0,0,1,0,0,0,0
28625,0,0,1,0,0,0,0
28650,0,0,1,0,0,0,0
28675,0,0,1,0,0,0,0
28700,0,0,1,0,0,0,0
28725,0,0,1,0,0,0,0
28750,0,0,1,0,0,0,0
28775,0,0,1,0,0,0,0
28800,1,0,1,0,0,0,0
28825,1,0,1,0,0,0,0
28850,1,0,1,0,0,0,0
28875,1,0,1,0,0,0,0
28900,1,0,1,0,0,0,0
28925,1,0,1,0,0,0,0
28950,1,0,1,0,0,0,0
28975,1,0,1,0,0,0,0
29000,1,0,1,0,0,0,0
29025,1,0,1,0,0,0,0
29050,1,0,1,0,0,0,0
29075,1,0,1,0,0,0,0
29100,1,0,1,0,0,0,0
29125,1,0,1,0,0,0,0
29150,1,0,1,0,0,0,0
29175,1,0,1,0,0,0,0
29200,1,0,1,0,0,0,0
29225,1,0,1,0,0,0,0
29250,1,0,1,0,0,0,0
29275,1,0,1,0,0,0,0
29300,1,0,1,0,0,0,0
29325,1,0,1,0,0,0,0
29350,1,0,1,0,0,0,0
29375,1,0,1,0,0,0,0
29400,1,0,1,0,0,0,0
29425,1,0,1,0,0,0,0
29450,1,0,1,0,0,0,0
29475,1,0,1,0,0,0,0
29500,1,0,1,0,0,0,0
29525,1,0,1,0,0,0,0
29550,1,0,1,0,0,0,0
29575,1,0,1,0,0,0,0
29600,0,0,1,0,0,0,0
29625,0,0,1,0,0,0,0
29650,0,0,1,0,0,0,0
29675,0,0,1,0,0,0,0
29700,0,0,1,0,0,0,0
29725,0,0,1,0,0,0,0
29750,0,0,1,0,0,0,0
29775,0,0,1,0,0,0,0
29800,0,0,1,0,0,0,0
29825,0,0,1,0,0,0,0
29850,0,0,1,0,0,0,0
29875,0,0,1,0,0,0,0
29900,1,0,1,0,0,0,0
29925,1,0,1,0,0,0,0
29950,1,0,1,0,0,0,0
29975,1,0,1,0,0,0,0
30000,1,0,1,0,0,0,0
30025,1,0,1,0,0,0,0
30050,1,0,1,0,0,0,0
30075,1,0,1,0,0,0,0
30100,1,0,1,0,0,0,0
30125,1,0,1,0,0,0,0
30150,1,0,1,0,0,0,0
30175,1,0,1,0,0,0,0
30200,1,0,1,0,0,0,0
30225,1,0,1,0,0,0,0
30250,1,0,1,0,0,0,0
30275,1,0,1,0,0,0,0
30300,1,0,1,0,0,0,0
30325,1,0,1,0,0,0,0
30350,1,0,1,0,0,0,0
30375,1,0,1,0,0,0,0
30400,1,0,1,0,0,0,0
30425,1,0,1,0,0,0,0
30450,1,0,1,0,0,0,0
30475,1,0,1,0,0,0,0
30500,1,0,1,0,0,0,0
30525,1,0,1,0,0,0,0
30550,1,0,1,0,0,0,0
30575,1,0,1,0,0,0,0
30600,1,0,1,0,0,0,0
30625,1,0,1,0,0,0,0
30650,1,0,1,0,0,0,0
30675,1,0,1,0,0,0,0
30700,1,0,1,0,0,0,0
30725,1,0,1,0,0,0,0
30750,1,0,1,0,0,0,0
30775,1,0,1,0,0,0,0
30800,1,0,1,0,0,0,0
30825,1,0,1,0,0,0,0
30850,1,0,1,0,0,0,0
30875,1,0,1,0,0,0,0
30900,1,0,1,0,0,0,0
30925,1,0,1,0,0,0,0
30950,1,0,1,0,0,0,0
30975,1,0,1,0,0,0,0
31000,1,0,1,0,0,0,0
31025,1,0,1,0,0,0,0
31050,1,0,1,0,0,0,0
31075,1,0,1,0,0,0,0
31100,1,0,1,0,0,0,0
31125,1,0,1,0,0,0,0
31150,1,0,1,0,0,0,0
31175,1,0,1,0,0,0,0
31200,1,0,1,0,0,0,0
31225,1,0,1,0,0,0,0
31250,1,0,1,0,0,0,0
31275,1,0,1,0,0,0,0
31300,1,0,1,0,0,0,0
31325,1,0,1,0,0,0,0
31350,1,0,1,0,0,0,0
31375,1,0,1,0,0,0,0
31400,1,0,1,0,0,0,0
31425,1,0,1,0,0,0,0
31450,1,0,1,0,0,0,0
31475,1,0,1,0,0,0,0
31500,1,0,1,0,0,0,0
31525,1,0,1,0,0,0,0
31550,1,0,1,0,0,0,0
31575,1,0,1,0,0,0,0
31600,1,0,1,0,0,0,0
31625,1,0,1,0,0,0,0
31650,1,0,1,0,0,0,0
31675,1,0,1,0,0,0,0
31700,1,0,1,0,0,0,0
31725,1,0,1,0,0,0,0
31750,1,0,1,0,0,0,0
31775,1,0,1,0,0,0,0
31800,1,0,1,0,0,0,0
31825,1,0,1,0,0,0,0
31850,1,0,1,0,0,0,0
31875,1,0,1,0,0,0,0
31900,1,0,1,0,0,0,0
31925,0,0,1,0,0,0,0
31950,0,0,1,0,0,0,0
31975,0,0,1,0,0,0,0
32000,0,0,1,0,0,0,0
32025,0,0,1,0,0,0,0
32050,0,0,1,0,0,0,0
32075,0,0,1,0,0,0,0
32100,0,0,1,0,0,0,0
32125,0,0,1,0,0,0,0
32150,0,0,1,0,0,0,0
32175,0,0,1,0,0,0,0
32200,0,0,1,0,0,0,0
32225,0,0,1,0,0,0,0
32250,0,0,1,0,0,0,0
32275,0,0,1,0,0,0,0
32300,0,0,1,0,0,0,0
32325,0,0,1,0,0,0,0
32350,0,0,1,0,0,0,0
32375,0,0,1,0,0,0,0
32400,0,0,1,0,0,0,0
32425,0,0,1,0,0,0,0
32450,0,0,1,0,0,0,0
32475,0,0,1,0,0,0,0
32500,0,0,1,0,0,0,0
32525,0,0,1,0,0,0,0
32550,0,0,1,0,0,0,0
32575,0,0,1,0,0,0,0
32600,0,0,1,0,0,0,0
32625,0,0,1,0,0,0,0
32650,1,0,1,0,0,0,0
32675,1,0,1,0,0,0,0
32700,1,0,1,0,0,0,0
32725,1,0,1,0,0,0,0
32750,1,0,1,0,0,0,0
32775,1,0,1,0,0,0,0
32800,1,0,1,0,0,0,0
32825,1,0,1,0,0,0,0
32850,1,0,1,0,0,0,0
32875,1,0,1,0,0,0,0
32900,1,0,1,0,0,0,0
32925,1,0,1,0,0,0,0
32950,1,0,1,0,0,0,0
32975,1,0,1,0,0,0,0
33000,1,0,1,0,0,0,0
33025,1,0,1,0,0,0,0
33050,1,0,1,0,0,0,0
33075,1,0,1,0,0,0,0
33100,1,0,1,0,0,0,0
33125,1,0,1,0,0,0,0
33150,1,0,1,0,0,0,0
33175,1,0,1,0,0,0,0
33200,1,0,1,0,0,0,0
33225,1,0,1,0,0,0,0
33250,1,0,1,0,0,0,0
33275,1,0,1,0,0,0,0
33300,1,0,1,0,0,0,0
33325,1,0,1,0,0,0,0
33350,1,0,1,0,0,0,0
33375,1,0,1,0,0,0,0
33400,1,0,1,0,0,0,0
33425,1,0,1,0,0,0,0
33450,1,0,1,0,0,0,0
33475,1,0,1,0,0,0,0
33500,1,0,1,0,0,0,0
33525,1,0,1,0,0,0,0
33550,1,0,1,0,0,0,0
33575,1,0,1,0,0,0,0
33600,1,0,1,0,0,0,0
33625,1,0,1,0,0,0,0
33650,1,0,1,0,0,0,0
33675,1,0,1,0,0,0,0
33700,1,0,1,0,0,0,0
33725,1,0,1,0,0,0,0
33750,1,0,1,0,0,0,0
33775,1,0,1,0,0,0,0
33800,1,0,1,0,0,0,0
33825,1,0,1,0,0,0,0
33850,1,0,1,0,0,0,0
33875,1,0,1,0,0,0,0
33900,1,0,1,0,0,0,0
33925,1,0,1,0,0,0,0
33950,1,0,1,0,0,0,0
33975,1,0,1,0,0,0,0
34000,1,0,1,0,0,0,0
34025,1,0,1,0,0,0,0
34050,1,0,1,0,0,0,0
34075,1,0,1,0,0,0,0
34100,1,0,1,0,0,0,0
34125,1,0,1,0,0,0,0
34150,1,0,1,0,0,0,0
34175,1,0,1,0,0,0,0
34200,1,0,1,0,0,0,0
34225,1,0,1,0,0,0,0
34250,1,0,1,0,0,0,0
34275,1,0,1,0,0,0,0
34300,1,0,1,0,0,0,0
34325,1,0,1,0,0,0,0
34350,1,0,1,0,0,0,0
34375,1,0,1,0,0,0,0
34400,1,0,1,0,0,0,0
34425,1,0,1,0,0,0,0
34450,1,0,1,0,0,0,0
34475,1,0,1,0,0,0,0
34500,1,0,1,0,0,0,0
34525,1,0,1,0,0,0,0
34550,1,0,1,0,0,0,0
34575,1,0,1,0,0,0,0
34600,1,0,1,0,0,0,0
34625,1,0,1,0,0,0,0
34650,1,0,1,0,0,0,0
34675,1,0,1,0,0,0,0
34700,1,0,1,0,0,0,0
34725,1,0,1,0,0,0,0
34750,1,0,1,0,0,0,0
34775,1,0,1,0,0,0,0
34800,1,0,1,0,0,0,0
34825,1,0,1,0,0,0,0
34850,1,0,1,0,0,0,0
34875,1,0,1,0,0,0,0
34900,1,0,1,0,0,0,0
34925,1,0,1,0,0,0,0
34950,1,0,1,0,0,0,0
34975,1,0,1,0,0,0,0
35000,1,0,1,0,0,0,0
35025,1,0,1,0,0,0,0
35050,1,0,1,0,0,0,0
35075,1,0,1,0,0,0,0
35100,1,0,1,0,0,0,0
35125,1,0,1,0,0,0,0
35150,1,0,1,0,0,0,0
35175,1,0,1,0,0,0,0
35200,1,0,1,0,0,0,0
35225,1,0,1,0,0,0,0
35250,1,0,1,0,0,0,0
35275,1,0,1,0,0,0,0
35300,1,0,1,0,0,0,0
35325,1,0,1,0,0,0,0
35350,1,0,1,0,0,0,0
35375,1,0,1,0,0,0,0
35400,1,0,1,0,0,0,0
35425,1,0,1,0,0,0,0
35450,1,0,1,0,0,0,0
35475,1,0,1,0,0,0,0
35500,1,0,1,0,0,0,0
35525,1,0,1,0,0,0,0
35550,1,0,1,0,0,0,0
35575,1,0,1,0,0,0,0
35600,1,0,1,0,0,0,0
35625,1,0,1,0,0,0,0
35650,1,0,1,0,0,0,0
35675,1,0,1,0,0,0,0
35700,1,0,1,0,0,0,0
35725,0,0,1,0,0,0,0
35750,0,0,1,0,0,0,0
35775,0,0,1,0,0,0,0
35800,0,0,1,0,0,0,0
35825,0,0,1,0,0,0,0
35850,0,0,1,0,0,0,0
35875,0,0,1,0,0,0,0
35900,0,0,1,0,0,0,0
35925,0,0,1,0,0,0,0
35950,0,0,1,0,0,0,0
35975,0,0,1,0,0,0,0
36000,0,0,1,0,0,0,0
36025,0,0,1,0,0,0,0
36050,0,0,1,0,0,0,0
36075,0,0,1,0,0,0,0
36100,0,0,1,0,0,0,0
36125,0,0,1,0,0,0,0
36150,0,0,1,0,0,0,0
36175,1,0,0,0,0,0,0
36200,1,0,0,0,0,0,0
36225,1,0,0,0,0,0,0
36250,1,0,0,0,0,0,0
36275,1,0,0,0,0,0,0
36300,1,0,0,0,0,0,0
36325,1,0,0,0,0,0,0
36350,1,0,0,0,0,0,0
36375,1,0,0,0,0,0,0
36400,1,0,0,0,0,0,0
36425,1,0,0,0,0,0,0
36450,1,0,0,0,0,0,0
36475,1,0,0,0,0,0,0
36500,1,0,0,0,0,0,0
36525,1,0,0,0,0,0,0
36550,1,0,0,0,0,0,0
36575,1,0,0,0,0,0,0
36600,1,0,0,0,0,0,0
36625,1,0,0,0,0,0,0
36650,1,0,0,0,0,0,0
36675,1,0,0,0,0,0,0
36700,1,0,0,0,0,0,0
36725,1,0,0,0,0,0,0
36750,1,0,0,0,0,0,0
36775,1,0,0,0,0,0,0
36800,1,0,0,0,0,0,0
36825,1,0,0,0,0,0,1
36850,1,0,0,0,0,0,1
36875,1,0,0,0,0,0,1
36900,1,0,0,0,0,0,1
36925,1,0,0,0,0,0,1
36950,1,0,0,0,0,0,1
36975,1,0,0,0,0,0,1
37000,1,0,0,0,0,0,1
37025,1,0,0,0,0,0,1
37050,1,0,0,0,0,0,1
37075,1,0,0,0,0,0,1
37100,1,0,0,0,0,0,1
37125,1,0,0,0,0,0,1
37150,1,0,0,0,0,0,1
37175,1,0,0,0,0,0,1
37200,1,0,0,0,0,0,1
37225,1,0,0,0,0,0,1
37250,1,0,0,0,0,0,1
37275,1,0,0,0,0,0,1
37300,1,0,0,0,0,0,1
37325,1,0,0,0,0,0,1
37350,1,0,0,0,0,0,1
37375,1,0,0,0,0,0,1
37400,1,0,0,0,0,0,1
37425,1,0,0,0,0,0,1
37450,1,0,0,0,0,0,1
37475,1,0,0,0,0,0,1
37500,1,0,0,0,0,0,1
37525,1,0,0,0,0,0,1
37550,1,0,0,0,0,0,1
37575,1,0,0,0,0,0,1
37600,1,0,0,0,0,0,1
37625,0,0,0,0,0,0,0
37650,0,0,0,0,0,0,0
37675,0,0,0,0,0,0,0
37700,0,0,0,0,0,0,0
37725,0,0,0,0,0,0,0
37750,0,0,0,0,0,0,0
37775,0,0,0,0,0,0,0
37800,0,0,0,0,0,0,0
37825,0,0,0,0,0,0,0
37850,0,0,0,0,0,0,0
37875,0,0,0,0,0,0,0
37900,0,0,0,0,0,0,0
37925,0,0,0,0,0,0,0
37950,0,0,0,0,0,0,0
37975,0,0,0,0,0,0,0
38000,0,0,0,0,0,0,0
38025,0,0,0,0,0,0,0
38050,0,0,0,0,0,0,0
38075,0,0,0,0,0,0,0
38100,0,0,0,0,0,0,0
38125,0,0,0,0,0,0,0
38150,0,0,0,0,0,0,0
38175,1,0,0,0,0,0,1
38200,1,0,0,0,0,0,1
38225,1,0,0,0,0,0,1
38250,1,0,0,0,0,0,1
38275,1,0,0,0,0,0,1
38300,1,0,0,0,0,0,1
38325,1,0,0,0,0,0,1
38350,1,0,0,0,0,0,1
38375,1,0,0,0,0,0,1
38400,1,0,0,0,0,0,1
38425,1,0,0,0,0,0,1
38450,1,0,0,0,0,0,1
38475,1,0,0,0,0,0,1
38500,1,0,0,0,0,0,1
38525,1,0,0,0,0,0,1
38550,1,0,0,0,0,0,1
38575,1,0,0,0,0,0,1
38600,1,0,0,0,0,0,1
38625,1,0,0,0,0,0,1
38650,1,0,0,0,0,0,1
38675,1,0,0,0,0,0,1
38700,1,0,0,0,0,0,1
38725,1,0,0,0,0,0,1
38750,1,0,0,0,0,0,1
38775,0,0,0,0,0,0,0
38800,0,0,0,0,0,0,0
38825,0,0,0,0,0,0,0
38850,0,0,0,0,0,0,0
38875,0,0,0,0,0,0,0
38900,0,0,0,0,0,0,0
38925,0,0,0,0,0,0,0
38950,0,0,0,0,0,0,0
38975,0,0,0,0,0,0,0
39000,0,0,0,0,0,0,0
39025,0,0,0,0,0,0,0
39050,0,0,0,0,0,0,0
39075,0,0,0,0,0,0,0
39100,0,0,0,0,0,0,0
39125,0,0,0,0,0,0,0
39150,0,0,0,0,0,0,0
39175,0,0,0,0,0,0,0
39200,0,0,0,0,0,0,0
39225,0,0,0,0,0,0,0
39250,0,0,0,0,0,0,0
39275,0,0,0,0,0,0,0
39300,0,0,0,0,0,0,0
39325,0,0,0,0,0,0,0
39350,0,0,0,0,0,0,0
39375,0,0,0,0,0,0,0
39400,0,0,0,0,0,0,0
39425,0,0,0,0,0,0,0
39450,0,0,0,0,0,0,0
39475,0,0,0,0,0,0,0
39500,0,0,0,0,0,0,0
39525,0,0,0,0,0,0,0
39550,0,0,0,0,0,0,0
39575,0,0,0,0,0,0,0
39600,0,0,0,0,0,0,0
39625,0,0,0,0,0,0,0
39650,0,0,0,0,0,0,0
39675,0,0,0,0,0,0,0
39700,0,0,0,0,0,0,0
39725,0,0,0,0,0,0,0
39750,0,0,0,0,0,0,0
39775,0,0,0,0,0,0,0
39800,0,0,0,0,0,0,0
39825,0,0,0,0,0,0,0
39850,0,0,0,0,0,0,0
39875,0,0,0,0,0,0,0
39900,0,0,0,0,0,0,0
39925,0,0,0,0,0,0,0
39950,0,0,0,0,0,0,0
39975,0,0,0,0,0,0,0
40000,0,0,0,0,0,0,0
40025,0,0,0,0,0,0,0
40050,0,0,0,0,0,0,0
40075,0,0,0,0,0,0,0
40100,0,0,0,0,0,0,0
40125,1,0,0,0,0,0,1
40150,1,0,0,0,0,0,1
40175,1,0,0,0,0,0,1
40200,1,0,0,0,0,0,1
40225,1,0,0,0,0,0,1
40250,1,0,0,0,0,0,1
40275,1,0,0,0,0,0,1
40300,1,0,0,0,0,0,1
40325,1,0,0,0,0,0,1
40350,1,0,0,0,0,0,1
40375,1,0,0,0,0,0,1
40400,1,0,0,0,0,0,1
40425,1,0,0,0,0,0,1
40450,1,0,0,0,0,0,1
40475,1,0,0,0,0,0,1
40500,1,0,0,0,0,0,1
40525,1,0,0,0,0,0,1
40550,1,0,0,0,0,0,1
40575,1,0,0,0,0,0,1
40600,1,0,0,0,0,0,1
40625,1,0,0,0,0,0,1
40650,1,0,0,0,0,0,1
40675,1,0,0,0,0,0,0
40700,1,0,0,0,0,0,0
40725,1,0,0,0,0,0,0
40750,1,0,0,0,0,0,0
40775,1,0,0,0,0,0,0
40800,1,0,0,0,0,0,0
40825,1,0,0,0,0,0,0
40850,1,0,0,0,0,0,0
40875,1,0,0,0,0,0,0
40900,1,0,0,0,0,0,0
40925,1,0,0,0,0,0,0
40950,1,0,0,0,0,0,0
40975,1,0,0,0,0,0,0
41000,1,0,0,0,0,0,0
41025,1,0,0,0,0,0,0
41050,1,0,0,0,0,0,0
41075,1,0,0,0,0,0,0
41100,1,0,0,0,0,0,0
41125,1,0,0,0,0,0,0
41150,1,0,0,0,0,0,0
41175,1,0,0,0,0,0,0
41200,1,0,0,0,0,0,0
