Frame,Grasper,Bipolar,Hook,Scissors,Clipper,Irrigator,SpecimenBag
0,1,0,0,0,0,0,0
25,1,0,0,0,0,0,0
50,1,0,0,0,0,0,0
75,1,0,0,0,0,0,0
100,1,0,0,0,0,0,0
125,1,0,0,0,0,0,0
150,1,0,0,0,0,0,0
175,1,0,0,0,0,0,0
200,1,0,0,0,0,0,0
225,1,0,0,0,0,0,0
250,1,0,0,0,0,0,0
275,1,0,0,0,0,0,0
300,1,0,0,0,0,0,0
325,1,0,0,0,0,0,0
350,1,0,0,0,0,0,0
375,1,0,0,0,0,0,0
400,1,0,0,0,0,0,0
425,1,0,0,0,0,0,0
450,1,0,0,0,0,0,0
475,1,0,0,0,0,0,0
500,1,0,0,0,0,0,0
525,1,0,0,0,0,0,0
550,1,0,0,0,0,0,0
575,1,0,0,0,0,0,0
600,1,0,0,0,0,0,0
625,1,0,0,0,0,0,0
650,1,0,0,0,0,0,0
675,1,0,0,0,0,0,0
700,1,0,0,0,0,0,0
725,1,0,0,0,0,0,0
750,1,0,0,0,0,0,0
775,1,0,0,0,0,0,0
800,1,0,0,0,0,0,0
825,1,0,0,0,0,0,0
850,1,0,0,0,0,0,0
875,1,0,0,0,0,0,0
900,1,0,0,0,0,0,0
925,1,0,0,0,0,0,0
950,1,0,0,0,0,0,0
975,0,0,0,1,0,0,0
1000,0,0,0,1,0,0,0
1025,0,0,0,1,0,0,0
1050,0,0,0,1,0,0,0
1075,0,0,0,1,0,0,0
1100,0,0,0,1,0,0,0
1125,0,0,0,1,0,0,0
1150,0,0,0,1,0,0,0
1175,0,0,0,1,0,0,0
1200,0,0,0,1,0,0,0
1225,0,0,0,1,0,0,0
1250,0,0,0,1,0,0,0
1275,0,0,0,1,0,0,0
1300,0,0,0,1,0,0,0
1325,0,0,0,1,0,0,0
1350,0,0,0,1,0,0,0
1375,0,0,0,1,0,0,0
1400,0,0,0,1,0,0,0
1425,0,0,0,1,0,0,0
1450,0,0,0,1,0,0,0
1475,0,0,0,1,0,0,0
1500,0,0,0,1,0,0,0
1525,0,0,0,1,0,0,0
1550,0,0,0,1,0,0,0
1575,0,0,0,1,0,0,0
1600,0,0,0,1,0,0,0
1625,0,0,0,1,0,0,0
1650,0,0,0,1,0,0,0
1675,0,0,0,1,0,0,0
1700,0,0,0,1,0,0,0
1725,0,0,0,1,0,0,0
1750,0,0,0,1,0,0,0
1775,0,0,0,0,0,0,0
1800,0,0,0,0,0,0,0
1825,0,0,0,0,0,0,0
1850,0,0,0,0,0,0,0
1875,0,0,0,0,0,0,0
1900,0,0,0,0,0,0,0
1925,0,0,0,0,0,0,0
1950,0,0,0,0,0,0,0
1975,0,0,0,0,0,0,0
2000,0,0,0,0,0,0,0
2025,0,0,0,0,0,0,0
2050,0,0,0,0,0,0,0
2075,0,0,0,0,0,0,0
2100,0,0,0,0,0,0,0
2125,0,0,0,0,0,0,0
2150,0,0,0,0,0,0,0
2175,0,0,0,0,0,0,0
2200,0,0,0,0,0,0,0
2225,0,0,0,0,0,0,0
2250,0,0,0,0,0,0,0
2275,0,0,0,0,0,0,0
2300,0,0,0,0,0,0,0
2325,1,0,1,0,0,0,0
2350,1,0,1,0,0,0,0
2375,1,0,1,0,0,0,0
2400,1,0,1,0,0,0,0
2425,1,0,1,0,0,0,0
2450,1,0,1,0,0,0,0
2475,1,0,1,0,0,0,0
2500,1,0,1,0,0,0,0
2525,1,0,1,0,0,0,0
2550,1,0,1,0,0,0,0
2575,1,0,1,0,0,0,0
2600,1,0,1,0,0,0,0
2625,1,0,1,0,0,0,0
2650,1,0,1,0,0,0,0
2675,1,0,1,0,0,0,0
2700,1,0,1,0,0,0,0
2725,1,0,1,0,0,0,0
2750,1,0,1,0,0,0,0
2775,1,0,1,0,0,0,0
2800,1,0,1,0,0,0,0
2825,1,0,1,0,0,0,0
2850,1,0,1,0,0,0,0
2875,1,0,1,0,0,0,0
2900,1,0,1,0,0,0,0
2925,1,0,1,0,0,0,0
2950,1,0,1,0,0,0,0
2975,1,0,1,0,0,0,0
3000,1,0,1,0,0,0,0
3025,1,0,1,0,0,0,0
3050,1,0,1,0,0,0,0
3075,1,0,1,0,0,0,0
3100,1,0,1,0,0,0,0
3125,1,0,1,0,0,0,0
3150,1,0,1,0,0,0,0
3175,1,0,1,0,0,0,0
3200,1,0,1,0,0,0,0
3225,1,0,1,0,0,0,0
3250,1,0,1,0,0,0,0
3275,1,0,1,0,0,0,0
3300,1,0,1,0,0,0,0
3325,1,0,1,0,0,0,0
3350,1,0,1,0,0,0,0
3375,1,0,1,0,0,0,0
3400,1,0,1,0,0,0,0
3425,1,0,1,0,0,0,0
3450,1,0,1,0,0,0,0
3475,1,0,1,0,0,0,0
3500,1,0,1,0,0,0,0
3525,1,0,1,0,0,0,0
3550,1,0,1,0,0,0,0
3575,1,0,1,0,0,0,0
3600,1,0,1,0,0,0,0
3625,1,0,1,0,0,0,0
3650,1,0,1,0,0,0,0
3675,1,0,1,0,0,0,0
3700,1,0,1,0,0,0,0
3725,1,0,1,0,0,0,0
3750,1,0,1,0,0,0,0
3775,1,0,1,0,0,0,0
3800,1,0,1,0,0,0,0
3825,1,0,1,0,0,0,0
3850,1,0,1,0,0,0,0
3875,1,0,1,0,0,0,0
3900,1,0,1,0,0,0,0
3925,1,0,1,0,0,0,0
3950,1,0,1,0,0,0,0
3975,1,0,1,0,0,0,0
4000,1,0,1,0,0,0,0
4025,1,0,1,0,0,0,0
4050,1,0,1,0,0,0,0
4075,1,0,1,0,0,0,0
4100,1,0,1,0,0,0,0
4125,1,0,1,0,0,0,0
4150,1,0,1,0,0,0,0
4175,1,0,1,0,0,0,0
4200,1,0,1,0,0,0,0
4225,1,0,1,0,0,0,0
4250,1,0,1,0,0,0,0
4275,1,0,1,0,0,0,0
4300,1,0,1,0,0,0,0
4325,1,0,1,0,0,0,0
4350,1,0,1,0,0,0,0
4375,1,0,1,0,0,0,0
4400,1,0,1,0,0,0,0
4425,1,0,1,0,0,0,0
4450,1,0,1,0,0,0,0
4475,1,0,1,0,0,0,0
4500,1,0,1,0,0,0,0
4525,1,0,1,0,0,0,0
4550,1,0,1,0,0,0,0
4575,1,0,1,0,0,0,0
4600,1,0,1,0,0,0,0
4625,1,0,1,0,0,0,0
4650,1,0,1,0,0,0,0
4675,1,0,1,0,0,0,0
4700,1,0,1,0,0,0,0
4725,1,0,1,0,0,0,0
4750,1,0,1,0,0,0,0
4775,1,0,1,0,0,0,0
4800,1,0,1,0,0,0,0
4825,1,0,1,0,0,0,0
4850,1,0,1,0,0,0,0
4875,1,0,1,0,0,0,0
4900,1,0,1,0,0,0,0
4925,1,0,1,0,0,0,0
4950,1,0,1,0,0,0,0
4975,1,0,1,0,0,0,0
5000,1,0,1,0,0,0,0
5025,1,0,1,0,0,0,0
5050,1,0,1,0,0,0,0
5075,1,0,1,0,0,0,0
5100,1,0,1,0,0,0,0
5125,1,0,1,0,0,0,0
5150,1,0,1,0,0,0,0
5175,1,0,1,0,0,0,0
5200,0,0,1,0,0,0,0
5225,0,0,1,0,0,0,0
5250,0,0,1,0,0,0,0
5275,0,0,1,0,0,0,0
5300,0,0,1,0,0,0,0
5325,0,0,1,0,0,0,0
5350,0,0,1,0,0,0,0
5375,0,0,1,0,0,0,0
5400,0,0,1,0,0,0,0
5425,0,0,1,0,0,0,0
5450,0,0,1,0,0,0,0
5475,0,0,1,0,0,0,0
5500,0,0,1,0,0,0,0
5525,0,0,1,0,0,0,0
5550,0,0,1,0,0,0,0
5575,0,0,1,0,0,0,0
5600,0,0,1,0,0,0,0
5625,0,0,1,0,0,0,0
5650,0,0,1,0,0,0,0
5675,0,0,1,0,0,0,0
5700,0,0,1,0,0,0,0
5725,0,0,1,0,0,0,0
5750,0,0,1,0,0,0,0
5775,0,0,1,0,0,0,0
5800,0,0,1,0,0,0,0
5825,0,0,1,0,0,0,0
5850,0,0,1,0,0,0,0
5875,0,0,1,0,0,0,0
5900,0,0,1,0,0,0,0
5925,0,0,1,0,0,0,0
5950,0,0,1,0,0,0,0
5975,0,0,1,0,0,0,0
6000,0,0,1,0,0,0,0
6025,0,0,1,0,0,0,0
6050,0,0,1,0,0,0,0
6075,0,0,1,0,0,0,0
6100,0,0,1,0,0,0,0
6125,0,0,1,0,0,0,0
6150,0,0,1,0,0,0,0
6175,0,0,1,0,0,0,0
6200,0,0,1,0,0,0,0
6225,0,0,1,0,0,0,0
6250,1,0,0,0,1,0,0
6275,1,0,0,0,1,0,0
6300,1,0,0,0,1,0,0
6325,1,0,0,0,1,0,0
6350,1,0,0,0,1,0,0
6375,1,0,0,0,1,0,0
6400,1,0,0,0,1,0,0
6425,1,0,0,0,1,0,0
6450,1,0,0,0,1,0,0
6475,1,0,0,0,1,0,0
6500,1,0,0,0,1,0,0
6525,1,0,0,0,1,0,0
6550,1,0,0,0,1,0,0
6575,1,0,0,0,1,0,0
6600,1,0,0,0,1,0,0
6625,1,0,0,0,1,0,0
6650,1,0,0,0,1,0,0
6675,1,0,0,0,1,0,0
6700,1,0,0,0,1,0,0
6725,1,0,0,0,1,0,0
6750,1,0,0,0,1,0,0
6775,1,0,0,0,1,0,0
6800,1,0,0,0,1,0,0
6825,1,0,0,0,1,0,0
6850,1,0,0,0,1,0,0
6875,1,0,0,0,1,0,0
6900,1,0,0,0,1,0,0
6925,1,0,0,0,1,0,0
6950,1,0,0,0,1,0,0
6975,1,0,0,0,1,0,0
7000,1,0,0,0,1,0,0
7025,1,0,0,0,1,0,0
7050,1,0,0,0,1,0,0
7075,1,0,0,0,1,0,0
7100,1,0,0,0,1,0,0
7125,1,0,0,0,1,0,0
7150,0,0,0,0,0,0,0
7175,0,0,0,0,0,0,0
7200,0,0,0,0,0,0,0
7225,0,0,0,0,0,0,0
7250,0,0,0,0,0,0,0
7275,0,0,0,0,0,0,0
7300,0,0,0,0,0,0,0
7325,0,0,0,0,0,0,0
7350,0,0,0,0,0,0,0
7375,0,0,0,0,0,0,0
7400,0,0,0,0,0,0,0
7425,0,0,0,0,0,0,0
7450,0,0,0,0,0,0,0
7475,0,0,0,0,0,0,0
7500,0,0,0,0,0,0,0
7525,0,0,0,0,0,0,0
7550,0,0,0,0,0,0,0
7575,0,0,0,0,0,0,0
7600,0,0,0,0,0,0,0
7625,0,0,0,0,0,0,0
7650,0,0,0,0,0,0,0
7675,0,0,0,0,0,0,0
7700,0,0,0,0,0,0,0
7725,0,0,0,0,0,0,0
7750,0,0,0,0,0,0,0
7775,0,0,0,0,0,0,0
7800,0,0,0,0,0,0,0
7825,0,0,0,0,0,0,0
7850,0,0,0,0,0,0,0
7875,0,0,0,0,0,0,0
7900,0,0,0,0,0,0,0
7925,0,0,0,0,0,0,0
7950,0,0,0,0,0,0,0
7975,0,0,0,0,0,0,0
8000,0,0,0,0,0,0,0
8025,0,0,0,0,0,0,0
8050,0,0,0,0,0,0,0
8075,0,0,0,1,0,0,0
8100,0,0,0,1,0,0,0
8125,0,0,0,1,0,0,0
8150,0,0,0,1,0,0,0
8175,0,0,0,1,0,0,0
8200,0,0,0,1,0,0,0
8225,0,0,0,1,0,0,0
8250,0,0,0,1,0,0,0
8275,0,0,0,1,0,0,0
8300,0,0,0,1,0,0,0
8325,0,0,0,1,0,0,0
8350,0,0,0,1,0,0,0
8375,0,0,0,1,0,0,0
8400,0,0,0,1,0,0,0
8425,0,0,0,1,0,0,0
8450,0,0,0,1,0,0,0
8475,0,0,0,1,0,0,0
8500,0,0,0,1,0,0,0
8525,0,0,0,1,0,0,0
8550,0,0,0,1,0,0,0
8575,0,0,0,1,0,0,0
8600,0,0,0,1,0,0,0
8625,0,0,0,1,0,0,0
8650,0,0,0,1,0,0,0
8675,0,0,0,1,0,0,0
8700,0,0,0,1,0,0,0
8725,0,0,0,1,0,0,0
8750,0,0,0,1,0,0,0
8775,0,0,0,1,0,0,0
8800,0,0,0,1,0,0,0
8825,1,0,0,0,0,0,0
8850,1,0,0,0,0,0,0
8875,1,0,0,0,0,0,0
8900,1,0,0,0,0,0,0
8925,1,0,0,0,0,0,0
8950,1,0,0,0,0,0,0
8975,1,0,0,0,0,0,0
9000,1,0,0,0,0,0,0
9025,1,0,0,0,0,0,0
9050,1,0,0,0,0,0,0
9075,1,0,0,0,0,0,0
9100,1,0,0,0,0,0,0
9125,1,0,0,0,0,0,0
9150,1,0,0,0,0,0,0
9175,1,0,0,0,0,0,0
9200,1,0,0,0,0,0,0
9225,1,0,0,0,0,0,0
9250,1,0,0,0,0,0,0
9275,1,0,0,0,0,0,0
9300,1,0,0,0,0,0,0
9325,1,0,0,0,0,0,0
9350,1,0,0,0,0,0,0
9375,1,0,0,0,0,0,0
9400,1,0,0,0,0,0,0
9425,1,0,0,0,0,0,0
9450,1,0,0,0,0,0,0
9475,1,0,0,0,0,0,0
9500,1,0,0,0,0,0,0
9525,1,0,0,0,0,0,0
9550,1,0,0,0,0,0,0
9575,1,0,0,0,0,0,0
9600,1,0,0,0,0,0,0
9625,1,0,0,0,0,0,0
9650,1,0,0,0,0,0,0
9675,1,0,0,0,0,0,0
9700,1,0,0,0,0,0,0
9725,1,0,0,0,0,0,0
9750,1,0,0,0,0,0,0
9775,1,0,0,0,0,0,0
9800,1,0,0,0,0,0,0
9825,1,0,0,0,0,0,0
9850,1,0,0,0,0,0,0
9875,1,0,0,0,0,0,0
9900,1,0,0,0,0,0,0
9925,1,0,0,0,1,0,0
9950,1,0,0,0,1,0,0
9975,1,0,0,0,1,0,0
10000,1,0,0,0,1,0,0
10025,1,0,0,0,1,0,0
10050,1,0,0,0,1,0,0
10075,1,0,0,0,1,0,0
10100,1,0,0,0,1,0,0
10125,0,0,0,1,0,0,0
10150,0,0,0,1,0,0,0
10175,0,0,0,1,0,0,0
10200,0,0,0,1,0,0,0
10225,0,0,0,1,0,0,0
10250,0,0,0,1,0,0,0
10275,0,0,0,1,0,0,0
10300,0,0,0,1,0,0,0
10325,0,0,0,1,0,0,0
10350,0,0,0,1,0,0,0
10375,0,0,0,1,0,0,0
10400,0,0,0,1,0,0,0
10425,0,0,0,1,0,0,0
10450,0,0,0,1,0,0,0
10475,0,0,0,1,0,0,0
10500,0,0,0,1,0,0,0
10525,0,0,0,1,0,0,0
10550,0,0,0,1,0,0,0
10575,1,0,0,0,1,0,0
10600,1,0,0,0,1,0,0
10625,1,0,0,0,1,0,0
10650,1,0,0,0,1,0,0
10675,1,0,0,0,1,0,0
10700,1,0,0,0,1,0,0
10725,1,0,0,0,1,0,0
10750,1,0,0,0,1,0,0
10775,1,0,0,0,1,0,0
10800,1,0,0,0,1,0,0
10825,1,0,0,0,1,0,0
10850,1,0,0,0,1,0,0
10875,1,0,0,0,1,0,0
10900,1,0,0,0,1,0,0
10925,1,0,0,0,1,0,0
10950,1,0,0,0,1,0,0
10975,1,0,0,0,1,0,0
11000,1,0,0,0,1,0,0
11025,1,0,0,0,1,0,0
11050,1,0,0,0,1,0,0
11075,1,0,0,0,1,0,0
11100,1,0,0,0,1,0,0
11125,1,0,0,0,1,0,0
11150,1,0,0,0,1,0,0
11175,1,0,0,0,1,0,0
11200,1,0,0,0,1,0,0
11225,1,0,0,0,1,0,0
11250,1,0,0,0,1,0,0
11275,1,0,0,0,1,0,0
11300,1,0,0,0,1,0,0
11325,1,0,0,0,1,0,0
11350,1,0,0,0,1,0,0
11375,1,0,0,0,1,0,0
11400,1,0,0,0,1,0,0
11425,1,0,0,0,1,0,0
11450,1,0,0,0,1,0,0
11475,1,0,0,0,1,0,0
11500,1,0,0,0,1,0,0
11525,1,0,0,0,1,0,0
11550,1,0,0,0,1,0,0
11575,1,0,0,0,1,0,0
11600,1,0,0,0,1,0,0
11625,1,0,0,0,0,0,0
11650,1,0,0,0,0,0,0
11675,1,0,0,0,0,0,0
11700,1,0,0,0,0,0,0
11725,1,0,0,0,0,0,0
11750,1,0,0,0,0,0,0
11775,1,0,0,0,0,0,0
11800,1,0,0,0,0,0,0
11825,1,0,0,0,0,0,0
11850,1,0,0,0,0,0,0
11875,1,0,0,0,0,0,0
11900,1,0,0,0,0,0,0
11925,1,0,0,0,0,0,0
11950,1,0,0,0,0,0,0
11975,1,0,0,0,0,0,0
12000,1,0,0,0,0,0,0
12025,1,0,0,0,0,0,0
12050,1,0,0,0,0,0,0
12075,1,0,0,0,0,0,0
12100,1,0,0,0,0,0,0
12125,1,0,0,0,0,0,0
12150,1,0,0,0,0,0,0
12175,1,0,0,0,0,0,0
12200,1,0,0,0,0,0,0
12225,0,0,1,0,0,0,0
12250,0,0,1,0,0,0,0
12275,0,0,1,0,0,0,0
12300,0,0,1,0,0,0,0
12325,0,0,1,0,0,0,0
12350,0,0,1,0,0,0,0
12375,0,0,1,0,0,0,0
12400,0,0,1,0,0,0,0
12425,0,0,1,0,0,0,0
12450,0,0,1,0,0,0,0
12475,0,0,1,0,0,0,0
12500,0,0,1,0,0,0,0
12525,0,0,1,0,0,0,0
12550,0,0,1,0,0,0,0
12575,0,0,1,0,0,0,0
12600,0,0,1,0,0,0,0
12625,0,0,1,0,0,0,0
12650,0,0,1,0,0,0,0
12675,0,0,1,0,0,0,0
12700,0,0,1,0,0,0,0
12725,0,0,1,0,0,0,0
12750,0,0,1,0,0,0,0
12775,0,0,1,0,0,0,0
12800,0,0,1,0,0,0,0
12825,0,0,1,0,0,0,0
12850,0,0,1,0,0,0,0
12875,1,0,0,0,0,0,0
12900,1,0,0,0,0,0,0
12925,1,0,0,0,0,0,0
12950,1,0,0,0,0,0,0
12975,1,0,0,0,0,0,0
13000,1,0,0,0,0,0,0
13025,1,0,0,0,0,0,0
13050,1,0,0,0,0,0,0
13075,1,0,0,0,0,0,0
13100,1,0,0,0,0,0,0
13125,1,0,0,0,0,0,0
13150,1,0,0,0,0,0,0
13175,1,0,0,0,0,0,0
13200,1,0,0,0,0,0,0
13225,1,0,0,0,0,0,0
13250,1,0,0,0,0,0,0
13275,1,0,0,0,0,0,0
13300,1,0,0,0,0,0,0
13325,1,0,0,0,0,0,0
13350,1,0,0,0,0,0,0
13375,1,0,0,0,0,0,0
13400,1,0,0,0,0,0,0
13425,1,0,0,0,0,0,0
13450,1,0,0,0,0,0,0
13475,1,0,0,0,0,0,0
13500,1,0,0,0,0,0,0
13525,1,0,0,0,0,0,0
13550,1,0,0,0,0,0,0
13575,1,0,0,0,0,0,0
13600,1,0,0,0,0,0,0
13625,1,0,0,0,0,0,0
13650,1,0,0,0,0,0,0
13675,1,0,0,0,0,0,0
13700,1,0,0,0,0,0,0
13725,1,0,0,0,0,0,0
13750,1,0,0,0,0,0,0
13775,1,0,0,0,0,0,0
13800,1,0,1,0,0,0,0
13825,1,0,1,0,0,0,0
13850,1,0,1,0,0,0,0
13875,1,0,1,0,0,0,0
13900,1,0,1,0,0,0,0
13925,1,0,1,0,0,0,0
13950,1,0,1,0,0,0,0
13975,1,0,1,0,0,0,0
14000,1,0,1,0,0,0,0
14025,1,0,1,0,0,0,0
14050,1,0,1,0,0,0,0
14075,1,0,1,0,0,0,0
14100,1,0,1,0,0,0,0
14125,1,0,1,0,0,0,0
14150,1,0,1,0,0,0,0
14175,1,0,1,0,0,0,0
14200,1,0,1,0,0,0,0
14225,1,0,1,0,0,0,0
14250,1,0,1,0,0,0,0
14275,1,0,1,0,0,0,0
14300,1,0,1,0,0,0,0
14325,1,0,1,0,0,0,0
14350,1,0,1,0,0,0,0
14375,1,0,1,0,0,0,0
14400,1,0,1,0,0,0,0
14425,1,0,1,0,0,0,0
14450,1,0,1,0,0,0,0
14475,1,0,1,0,0,0,0
14500,1,0,1,0,0,0,0
14525,1,0,1,0,0,0,0
14550,1,0,1,0,0,0,0
14575,1,0,1,0,0,0,0
14600,1,0,1,0,0,0,0
14625,1,0,1,0,0,0,0
14650,1,0,1,0,0,0,0
14675,1,0,1,0,0,0,0
14700,1,0,1,0,0,0,0
14725,1,0,1,0,0,0,0
14750,1,0,1,0,0,0,0
14775,1,0,1,0,0,0,0
14800,1,0,1,0,0,0,0
14825,1,0,1,0,0,0,0
14850,1,0,1,0,0,0,0
14875,1,0,1,0,0,0,0
14900,1,0,1,0,0,0,0
14925,1,0,1,0,0,0,0
14950,1,0,1,0,0,0,0
14975,1,0,1,0,0,0,0
15000,1,0,1,0,0,0,0
15025,1,0,1,0,0,0,0
15050,1,0,1,0,0,0,0
15075,1,0,1,0,0,0,0
15100,1,0,1,0,0,0,0
15125,1,0,1,0,0,0,0
15150,1,0,1,0,0,0,0
15175,1,0,1,0,0,0,0
15200,1,0,1,0,0,0,0
15225,1,0,1,0,0,0,0
15250,1,0,1,0,0,0,0
15275,1,0,1,0,0,0,0
15300,1,0,1,0,0,0,0
15325,1,0,1,0,0,0,0
15350,1,0,1,0,0,0,0
15375,1,0,1,0,0,0,0
15400,1,0,1,0,0,0,0
15425,1,0,1,0,0,0,0
15450,1,0,1,0,0,0,0
15475,1,0,1,0,0,0,0
15500,1,0,1,0,0,0,0
15525,0,0,1,0,0,0,0
15550,0,0,1,0,0,0,0
15575,0,0,1,0,0,0,0
15600,0,0,1,0,0,0,0
15625,0,0,1,0,0,0,0
15650,0,0,1,0,0,0,0
15675,0,0,1,0,0,0,0
15700,0,0,1,0,0,0,0
15725,0,0,1,0,0,0,0
15750,0,0,1,0,0,0,0
15775,0,0,1,0,0,0,0
15800,0,0,1,0,0,0,0
15825,0,0,1,0,0,0,0
15850,0,0,1,0,0,0,0
15875,0,0,1,0,0,0,0
15900,0,0,1,0,0,0,0
15925,0,0,1,0,0,0,0
15950,0,0,1,0,0,0,0
15975,0,0,1,0,0,0,0
16000,0,0,1,0,0,0,0
16025,0,0,1,0,0,0,0
16050,0,0,1,0,0,0,0
16075,0,0,1,0,0,0,0
16100,0,0,1,0,0,0,0
16125,0,0,1,0,0,0,0
16150,0,0,1,0,0,0,0
16175,0,0,1,0,0,0,0
16200,0,0,1,0,0,0,0
16225,0,0,1,0,0,0,0
16250,0,0,1,0,0,0,0
16275,0,0,1,0,0,0,0
16300,0,0,1,0,0,0,0
16325,1,0,1,0,0,0,0
16350,1,0,1,0,0,0,0
16375,1,0,1,0,0,0,0
16400,1,0,1,0,0,0,0
16425,1,0,1,0,0,0,0
16450,1,0,1,0,0,0,0
16475,1,0,1,0,0,0,0
16500,1,0,1,0,0,0,0
16525,1,0,1,0,0,0,0
16550,1,0,1,0,0,0,0
16575,1,0,1,0,0,0,0
16600,1,0,1,0,0,0,0
16625,1,0,1,0,0,0,0
16650,1,0,1,0,0,0,0
16675,1,0,1,0,0,0,0
16700,1,0,1,0,0,0,0
16725,1,0,1,0,0,0,0
16750,1,0,1,0,0,0,0
16775,1,0,1,0,0,0,0
16800,1,0,1,0,0,0,0
16825,1,0,1,0,0,0,0
16850,1,0,1,0,0,0,0
16875,1,0,1,0,0,0,0
16900,1,0,1,0,0,0,0
16925,1,0,1,0,0,0,0
16950,1,0,1,0,0,0,0
16975,1,0,1,0,0,0,0
17000,1,0,1,0,0,0,0
17025,1,0,1,0,0,0,0
17050,1,0,1,0,0,0,0
17075,1,0,1,0,0,0,0
17100,0,0,1,0,0,0,0
17125,0,0,1,0,0,0,0
17150,0,0,1,0,0,0,0
17175,0,0,1,0,0,0,0
17200,0,0,1,0,0,0,0
17225,0,0,1,0,0,0,0
17250,0,0,1,0,0,0,0
17275,0,0,1,0,0,0,0
17300,0,0,1,0,0,0,0
17325,0,0,1,0,0,0,0
17350,0,0,1,0,0,0,0
17375,0,0,1,0,0,0,0
17400,0,0,1,0,0,0,0
17425,0,0,1,0,0,0,0
17450,1,0,1,0,0,0,0
17475,1,0,1,0,0,0,0
17500,1,0,1,0,0,0,0
17525,1,0,1,0,0,0,0
17550,1,0,1,0,0,0,0
17575,1,0,1,0,0,0,0
17600,1,0,1,0,0,0,0
17625,1,0,1,0,0,0,0
17650,1,0,1,0,0,0,0
17675,1,0,1,0,0,0,0
17700,1,0,1,0,0,0,0
17725,1,0,1,0,0,0,0
17750,1,0,1,0,0,0,0
17775,1,0,1,0,0,0,0
17800,1,0,1,0,0,0,0
17825,1,0,1,0,0,0,0
17850,1,0,1,0,0,0,0
17875,1,0,1,0,0,0,0
17900,1,0,1,0,0,0,0
17925,1,0,1,0,0,0,0
17950,1,0,1,0,0,0,0
17975,1,0,1,0,0,0,0
18000,1,0,1,0,0,0,0
18025,1,0,1,0,0,0,0
18050,1,0,1,0,0,0,0
18075,1,0,1,0,0,0,0
18100,1,0,1,0,0,0,0
18125,1,0,1,0,0,0,0
18150,1,0,1,0,0,0,0
18175,1,0,1,0,0,0,0
18200,1,0,1,0,0,0,0
18225,1,0,1,0,0,0,0
18250,1,0,1,0,0,0,0
18275,1,0,1,0,0,0,0
18300,1,0,1,0,0,0,0
18325,1,0,1,0,0,0,0
18350,1,0,1,0,0,0,0
18375,1,0,1,0,0,0,0
18400,1,0,1,0,0,0,0
18425,1,0,1,0,0,0,0
18450,1,0,1,0,0,0,0
18475,1,0,1,0,0,0,0
18500,1,0,1,0,0,0,0
18525,1,0,1,0,0,0,0
18550,1,0,1,0,0,0,0
18575,1,0,1,0,0,0,0
18600,1,0,1,0,0,0,0
18625,1,0,1,0,0,0,0
18650,1,0,1,0,0,0,0
18675,1,0,1,0,0,0,0
18700,1,0,1,0,0,0,0
18725,1,0,1,0,0,0,0
18750,1,0,1,0,0,0,0
18775,1,0,1,0,0,0,0
18800,1,0,1,0,0,0,0
18825,1,0,1,0,0,0,0
18850,1,0,1,0,0,0,0
18875,1,0,1,0,0,0,0
18900,1,0,1,0,0,0,0
18925,1,0,1,0,0,0,0
18950,1,0,1,0,0,0,0
18975,1,0,1,0,0,0,0
19000,1,0,1,0,0,0,0
19025,1,0,1,0,0,0,0
19050,1,0,1,0,0,0,0
19075,1,0,1,0,0,0,0
19100,1,0,1,0,0,0,0
19125,1,0,1,0,0,0,0
19150,1,0,1,0,0,0,0
19175,1,0,1,0,0,0,0
19200,1,0,1,0,0,0,0
19225,1,0,1,0,0,0,0
19250,1,0,1,0,0,0,0
19275,1,0,1,0,0,0,0
19300,1,0,1,0,0,0,0
19325,1,0,1,0,0,0,0
19350,1,0,1,0,0,0,0
19375,1,0,1,0,0,0,0
19400,1,0,1,0,0,0,0
19425,1,0,1,0,0,0,0
19450,1,0,1,0,0,0,0
19475,1,0,1,0,0,0,0
19500,1,0,1,0,0,0,0
19525,1,0,1,0,0,0,0
19550,1,0,1,0,0,0,0
19575,1,0,1,0,0,0,0
19600,1,0,1,0,0,0,0
19625,1,0,1,0,0,0,0
19650,1,0,1,0,0,0,0
19675,1,0,1,0,0,0,0
19700,1,0,1,0,0,0,0
19725,1,0,1,0,0,0,0
19750,1,0,1,0,0,0,0
19775,1,0,1,0,0,0,0
19800,1,0,1,0,0,0,0
19825,1,0,1,0,0,0,0
19850,1,0,1,0,0,0,0
19875,1,0,1,0,0,0,0
19900,1,0,1,0,0,0,0
19925,1,0,1,0,0,0,0
19950,1,0,1,0,0,0,0
19975,1,0,1,0,0,0,0
20000,1,0,1,0,0,0,0
20025,1,0,1,0,0,0,0
20050,1,0,1,0,0,0,0
20075,1,0,1,0,0,0,0
20100,1,0,1,0,0,0,0
20125,1,0,1,0,0,0,0
20150,1,0,1,0,0,0,0
20175,1,0,1,0,0,0,0
20200,1,0,1,0,0,0,0
20225,1,0,1,0,0,0,0
20250,1,0,1,0,0,0,0
20275,1,0,1,0,0,0,0
20300,1,0,1,0,0,0,0
20325,1,0,1,0,0,0,0
20350,1,0,1,0,0,0,0
20375,1,0,1,0,0,0,0
20400,1,0,1,0,0,0,0
20425,1,0,1,0,0,0,0
20450,1,0,1,0,0,0,0
20475,0,0,0,0,0,0,0
20500,0,0,0,0,0,0,0
20525,0,0,0,0,0,0,0
20550,0,0,0,0,0,0,0
20575,0,0,0,0,0,0,0
20600,0,0,0,0,0,0,0
20625,0,0,0,0,0,0,0
20650,0,0,0,0,0,0,0
20675,0,0,0,0,0,0,0
20700,0,0,0,0,0,0,0
20725,0,0,0,0,0,0,0
20750,0,0,0,0,0,0,0
20775,0,0,0,0,0,0,0
20800,0,0,0,0,0,0,0
20825,0,0,0,0,0,0,0
20850,0,0,0,0,0,0,0
20875,0,0,0,0,0,0,0
20900,0,0,0,0,0,0,0
20925,0,0,0,0,0,0,0
20950,0,0,0,0,0,0,0
20975,0,0,0,0,0,0,0
21000,0,0,1,0,0,0,0
21025,0,0,1,0,0,0,0
21050,0,0,1,0,0,0,0
21075,0,0,1,0,0,0,0
21100,0,0,1,0,0,0,0
21125,0,0,1,0,0,0,0
21150,0,0,1,0,0,0,0
21175,0,0,1,0,0,0,0
21200,0,0,1,0,0,0,0
21225,0,0,1,0,0,0,0
21250,0,0,1,0,0,0,0
21275,0,0,1,0,0,0,0
21300,0,0,1,0,0,0,0
21325,0,0,1,0,0,0,0
21350,0,0,1,0,0,0,0
21375,0,0,1,0,0,0,0
21400,0,0,1,0,0,0,0
21425,0,0,1,0,0,0,0
21450,0,0,1,0,0,0,0
21475,0,0,1,0,0,0,0
21500,0,0,1,0,0,0,0
21525,0,0,1,0,0,0,0
21550,0,0,1,0,0,0,0
21575,0,0,1,0,0,0,0
21600,0,0,1,0,0,0,0
21625,0,0,1,0,0,0,0
21650,0,0,1,0,0,0,0
21675,0,0,1,0,0,0,0
21700,0,0,1,0,0,0,0
21725,0,0,1,0,0,0,0
21750,0,0,1,0,0,0,0
21775,0,0,1,0,0,0,0
21800,1,0,1,0,0,0,0
21825,1,0,1,0,0,0,0
21850,1,0,1,0,0,0,0
21875,1,0,1,0,0,0,0
21900,1,0,1,0,0,0,0
21925,1,0,1,0,0,0,0
21950,1,0,1,0,0,0,0
21975,1,0,1,0,0,0,0
22000,1,0,1,0,0,0,0
22025,1,0,1,0,0,0,0
22050,1,0,1,0,0,0,0
22075,1,0,1,0,0,0,0
22100,1,0,1,0,0,0,0
22125,1,0,1,0,0,0,0
22150,1,0,1,0,0,0,0
22175,1,0,1,0,0,0,0
22200,1,0,1,0,0,0,0
22225,1,0,1,0,0,0,0
22250,1,0,1,0,0,0,0
22275,1,0,1,0,0,0,0
22300,1,0,1,0,0,0,0
22325,1,0,1,0,0,0,0
22350,1,0,1,0,0,0,0
22375,1,0,1,0,0,0,0
22400,1,0,1,0,0,0,0
22425,1,0,1,0,0,0,0
22450,1,0,1,0,0,0,0
22475,1,0,1,0,0,0,0
22500,1,0,1,0,0,0,0
22525,1,0,1,0,0,0,0
22550,1,0,1,0,0,0,0
22575,1,0,1,0,0,0,0
22600,1,0,1,0,0,0,0
22625,1,0,1,0,0,0,0
22650,1,0,1,0,0,0,0
22675,1,0,1,0,0,0,0
22700,1,0,1,0,0,0,0
22725,1,0,1,0,0,0,0
22750,1,0,1,0,0,0,0
22775,1,0,1,0,0,0,0
22800,1,0,1,0,0,0,0
22825,1,0,1,0,0,0,0
22850,1,0,1,0,0,0,0
22875,1,0,1,0,0,0,0
22900,1,0,1,0,0,0,0
22925,1,0,1,0,0,0,0
22950,1,0,1,0,0,0,0
22975,1,0,1,0,0,0,0
23000,1,0,1,0,0,0,0
23025,1,0,1,0,0,0,0
23050,1,0,1,0,0,0,0
23075,1,0,1,0,0,0,0
23100,1,0,1,0,0,0,0
23125,1,0,1,0,0,0,0
23150,1,0,1,0,0,0,0
23175,1,0,1,0,0,0,0
23200,1,0,1,0,0,0,0
23225,1,0,1,0,0,0,0
23250,1,0,1,0,0,0,0
23275,1,0,1,0,0,0,0
23300,1,0,1,0,0,0,0
23325,1,0,1,0,0,0,0
23350,1,0,1,0,0,0,0
23375,1,0,1,0,0,0,0
23400,1,0,1,0,0,0,0
23425,1,0,1,0,0,0,0
23450,1,0,1,0,0,0,0
23475,1,0,1,0,0,0,0
23500,1,0,1,0,0,0,0
23525,1,0,1,0,0,0,0
23550,1,0,1,0,0,0,0
23575,1,0,1,0,0,0,0
23600,1,0,1,0,0,0,0
23625,1,0,1,0,0,0,0
23650,1,0,1,0,0,0,0
23675,1,0,1,0,0,0,0
23700,1,0,1,0,0,0,0
23725,1,0,1,0,0,0,0
23750,1,0,1,0,0,0,0
23775,1,0,1,0,0,0,0
23800,1,0,1,0,0,0,0
23825,1,0,1,0,0,0,0
23850,1,0,1,0,0,0,0
23875,1,0,1,0,0,0,0
23900,1,0,1,0,0,0,0
23925,1,0,1,0,0,0,0
23950,1,0,1,0,0,0,0
23975,1,0,1,0,0,0,0
24000,1,0,1,0,0,0,0
24025,1,0,1,0,0,0,0
24050,1,0,1,0,0,0,0
24075,1,0,1,0,0,0,0
24100,1,0,1,0,0,0,0
24125,1,0,1,0,0,0,0
24150,1,0,1,0,0,0,0
24175,1,0,1,0,0,0,0
24200,1,0,1,0,0,0,0
24225,1,0,1,0,0,0,0
24250,1,0,1,0,0,0,0
24275,1,0,1,0,0,0,0
24300,1,0,1,0,0,0,0
24325,1,0,1,0,0,0,0
24350,1,0,1,0,0,0,0
24375,1,0,1,0,0,0,0
24400,1,0,1,0,0,0,0
24425,1,0,1,0,0,0,0
24450,1,0,1,0,0,0,0
24475,1,0,1,0,0,0,0
24500,0,0,1,0,0,0,0
24525,0,0,1,0,0,0,0
24550,0,0,1,0,0,0,0
24575,0,0,1,0,0,0,0
24600,0,0,1,0,0,0,0
24625,0,0,1,0,0,0,0
24650,0,0,1,0,0,0,0
24675,0,0,1,0,0,0,0
24700,0,0,1,0,0,0,0
24725,0,0,1,0,0,0,0
24750,0,0,1,0,0,0,0
24775,0,0,1,0,0,0,0
24800,0,0,1,0,0,0,0
24825,0,0,1,0,0,0,0
24850,0,0,1,0,0,0,0
24875,0,0,1,0,0,0,0
24900,0,0,1,0,0,0,0
24925,0,0,1,0,0,0,0
24950,0,0,1,0,0,0,0
24975,0,0,1,0,0,0,0
25000,0,0,1,0,0,0,0
25025,0,0,1,0,0,0,0
25050,0,0,1,0,0,0,0
25075,0,0,1,0,0,0,0
25100,0,0,1,0,0,0,0
25125,0,0,1,0,0,0,0
25150,0,0,1,0,0,0,0
25175,0,0,1,0,0,0,0
25200,0,0,1,0,0,0,0
25225,0,0,1,0,0,0,0
25250,0,0,1,0,0,0,0
25275,0,0,1,0,0,0,0
25300,0,0,1,0,0,0,0
25325,0,0,1,0,0,0,0
25350,0,0,1,0,0,0,0
25375,1,0,1,0,0,0,0
25400,1,0,1,0,0,0,0
25425,1,0,1,0,0,0,0
25450,1,0,1,0,0,0,0
25475,1,0,1,0,0,0,0
25500,1,0,1,0,0,0,0
25525,1,0,1,0,0,0,0
25550,1,0,1,0,0,0,0
25575,1,0,1,0,0,0,0
25600,1,0,1,0,0,0,0
25625,1,0,1,0,0,0,0
25650,1,0,1,0,0,0,0
25675,1,0,1,0,0,0,0
25700,1,0,1,0,0,0,0
25725,1,0,1,0,0,0,0
25750,1,0,1,0,0,0,0
25775,1,0,1,0,0,0,0
25800,1,0,1,0,0,0,0
25825,1,0,1,0,0,0,0
25850,1,0,1,0,0,0,0
25875,1,0,1,0,0,0,0
25900,1,0,1,0,0,0,0
25925,1,0,1,0,0,0,0
25950,1,0,1,0,0,0,0
25975,1,0,1,0,0,0,0
26000,1,0,1,0,0,0,0
26025,1,0,1,0,0,0,0
26050,1,0,1,0,0,0,0
26075,1,0,1,0,0,0,0
26100,1,0,1,0,0,0,0
26125,1,0,1,0,0,0,0
26150,1,0,1,0,0,0,0
26175,1,0,1,0,0,0,0
26200,1,0,1,0,0,0,0
26225,1,0,1,0,0,0,0
26250,1,0,1,0,0,0,0
26275,1,0,1,0,0,0,0
26300,1,0,1,0,0,0,0
26325,1,0,1,0,0,0,0
26350,1,0,1,0,0,0,0
26375,0,0,1,0,0,0,0
26400,0,0,1,0,0,0,0
26425,0,0,1,0,0,0,0
26450,0,0,1,0,0,0,0
26475,0,0,1,0,0,0,0
26500,0,0,1,0,0,0,0
26525,0,0,1,0,0,0,0
26550,0,0,1,0,0,0,0
26575,0,0,1,0,0,0,0
26600,0,0,1,0,0,0,0
26625,0,0,1,0,0,0,0
26650,0,0,1,0,0,0,0
26675,0,0,1,0,0,0,0
26700,0,0,1,0,0,0,0
26725,0,0,1,0,0,0,0
26750,0,0,1,0,0,0,0
26775,0,0,1,0,0,0,0
26800,0,0,1,0,0,0,0
26825,0,0,1,0,0,0,0
26850,0,0,1,0,0,0,0
26875,0,0,1,0,0,0,0
26900,0,0,1,0,0,0,0
26925,0,0,1,0,0,0,0
26950,0,0,1,0,0,0,0
26975,1,0,0,0,1,0,0
27000,1,0,0,0,1,0,0
27025,1,0,0,0,1,0,0
27050,1,0,0,0,1,0,0
27075,1,0,0,0,1,0,0
27100,1,0,0,0,1,0,0
27125,1,0,0,0,1,0,0
27150,1,0,0,0,1,0,0
27175,1,0,0,0,1,0,0
27200,1,0,0,0,1,0,0
27225,1,0,0,0,1,0,0
27250,1,0,0,0,1,0,0
27275,1,0,0,0,1,0,0
27300,1,0,0,0,1,0,0
27325,1,0,0,0,1,0,0
27350,1,0,0,0,1,0,0
27375,1,0,0,0,1,0,0
27400,1,0,0,0,1,0,0
27425,1,0,0,0,1,0,0
27450,1,0,0,0,1,0,0
27475,1,0,0,0,1,0,0
27500,1,0,0,0,1,0,0
27525,1,0,0,0,1,0,0
27550,1,0,0,0,1,0,0
27575,1,0,0,0,1,0,0
27600,1,0,0,0,1,0,0
27625,1,0,0,0,1,0,0
27650,1,0,0,0,1,0,0
27675,1,0,0,0,1,0,0
27700,0,0,1,0,0,0,0
27725,0,0,1,0,0,0,0
27750,0,0,1,0,0,0,0
27775,0,0,1,0,0,0,0
27800,0,0,1,0,0,0,0
27825,0,0,1,0,0,0,0
27850,0,0,1,0,0,0,0
27875,0,0,1,0,0,0,0
27900,0,0,1,0,0,0,0
27925,0,0,1,0,0,0,0
27950,0,0,1,0,0,0,0
27975,0,0,1,0,0,0,0
28000,0,0,1,0,0,0,0
28025,0,0,1,0,0,0,0
28050,0,0,1,0,0,0,0
28075,0,0,1,0,0,0,0
28100,0,0,1,0,0,0,0
28125,0,0,1,0,0,0,0
28150,0,0,1,0,0,0,0
28175,0,0,1,0,0,0,0
28200,0,0,1,0,0,0,0
28225,0,0,1,0,0,0,0
28250,0,0,1,0,0,0,0
28275,0,0,1,0,0,0,0
28300,0,0,1,0,0,0,0
28325,0,0,1,0,0,0,0
28350,0,0,1,0,0,0,0
28375,0,0,1,0,0,0,0
28400,0,0,1,0,0,0,0
28425,0,0,1,0,0,0,0
28450,0,0,1,0,0,0,0
28475,0,0,1,0,0,0,0
28500,0,0,1,0,0,0,0
28525,0,0,1,0,0,0,0
28550,0,0,1,0,0,0,0
28575,0,0,1,0,0,0,0
28600,1,0,1,0,0,0,0
28625,1,0,1,0,0,0,0
28650,1,0,1,0,0,0,0
28675,1,0,1,0,0,0,0
28700,1,0,1,0,0,0,0
28725,1,0,1,0,0,0,0
28750,1,0,1,0,0,0,0
28775,1,0,1,0,0,0,0
28800,1,0,1,0,0,0,0
28825,1,0,1,0,0,0,0
28850,1,0,1,0,0,0,0
28875,1,0,1,0,0,0,0
28900,1,0,1,0,0,0,0
28925,1,0,1,0,0,0,0
28950,1,0,1,0,0,0,0
28975,1,0,1,0,0,0,0
29000,0,0,0,0,0,0,0
29025,0,0,0,0,0,0,0
29050,0,0,0,0,0,0,0
29075,0,0,0,0,0,0,0
29100,0,0,0,0,0,0,0
29125,0,0,0,0,0,0,0
29150,0,0,0,0,0,0,0
29175,0,0,0,0,0,0,0
29200,0,0,0,0,0,0,0
29225,0,0,0,0,0,0,0
29250,0,0,0,0,0,0,0
29275,0,0,0,0,0,0,0
29300,0,0,0,0,0,0,0
29325,0,0,0,0,0,0,0
29350,0,0,0,0,0,0,0
29375,0,0,0,0,0,0,0
29400,0,0,0,0,0,0,0
29425,0,0,0,0,0,0,0
29450,0,0,0,0,0,0,0
29475,0,0,0,0,0,0,0
29500,0,0,0,0,0,0,0
29525,0,0,0,0,0,0,0
29550,0,0,0,0,0,0,0
29575,0,0,0,0,0,0,0
29600,0,0,0,0,0,0,0
29625,0,0,1,0,0,0,0
29650,0,0,1,0,0,0,0
29675,0,0,1,0,0,0,0
29700,0,0,1,0,0,0,0
29725,0,0,1,0,0,0,0
29750,0,0,1,0,0,0,0
29775,0,0,1,0,0,0,0
29800,0,0,1,0,0,0,0
29825,0,0,1,0,0,0,0
29850,0,0,1,0,0,0,0
29875,0,0,1,0,0,0,0
29900,0,0,1,0,0,0,0
29925,0,0,1,0,0,0,0
29950,0,0,1,0,0,0,0
29975,0,0,1,0,0,0,0
30000,0,0,1,0,0,0,0
30025,0,0,1,0,0,0,0
30050,0,0,1,0,0,0,0
30075,0,0,1,0,0,0,0
30100,0,0,1,0,0,0,0
30125,0,0,1,0,0,0,0
30150,0,0,1,0,0,0,0
30175,0,0,1,0,0,0,0
30200,0,0,1,0,0,0,0
30225,0,0,1,0,0,0,0
30250,0,0,1,0,0,0,0
30275,0,0,1,0,0,0,0
30300,0,0,1,0,0,0,0
30325,0,0,1,0,0,0,0
30350,0,0,1,0,0,0,0
30375,0,0,1,0,0,0,0
30400,0,0,1,0,0,0,0
30425,0,0,1,0,0,0,0
30450,0,0,1,0,0,0,0
30475,0,0,1,0,0,0,0
30500,0,0,1,0,0,0,0
30525,0,0,1,0,0,0,0
30550,0,0,1,0,0,0,0
30575,0,0,1,0,0,0,0
30600,0,0,1,0,0,0,0
30625,1,0,1,0,0,0,0
30650,1,0,1,0,0,0,0
30675,1,0,1,0,0,0,0
30700,1,0,1,0,0,0,0
30725,1,0,1,0,0,0,0
30750,1,0,1,0,0,0,0
30775,1,0,1,0,0,0,0
30800,1,0,1,0,0,0,0
30825,1,0,1,0,0,0,0
30850,1,0,1,0,0,0,0
30875,1,0,1,0,0,0,0
30900,1,0,1,0,0,0,0
30925,1,0,1,0,0,0,0
30950,0,0,0,0,0,0,0
30975,0,0,0,0,0,0,0
31000,0,0,0,0,0,0,0
31025,0,0,0,0,0,0,0
31050,0,0,0,0,0,0,0
31075,0,0,0,0,0,0,0
31100,0,0,0,0,0,0,0
31125,0,0,0,0,0,0,0
31150,0,0,0,0,0,0,0
31175,0,0,0,0,0,0,0
31200,0,0,0,0,0,0,0
31225,0,0,0,0,0,0,0
31250,0,0,0,0,0,0,0
31275,0,0,0,0,0,0,0
31300,0,0,0,0,0,0,0
31325,0,0,0,0,0,0,0
31350,0,0,0,0,0,0,0
31375,0,0,0,0,0,0,0
31400,0,0,0,0,0,0,0
31425,0,0,0,0,0,0,0
31450,0,0,0,0,0,0,0
31475,0,0,0,0,0,0,0
31500,0,0,0,0,0,0,0
31525,0,0,0,0,0,0,0
31550,0,0,0,0,0,0,0
31575,0,0,0,0,0,0,0
31600,0,0,0,0,0,0,0
31625,0,0,0,0,0,0,0
31650,0,0,0,0,0,0,0
31675,0,0,0,0,0,0,0
31700,0,0,0,0,0,0,0
31725,0,0,0,0,0,0,0
31750,0,0,0,0,0,0,0
31775,0,0,0,0,0,0,0
31800,0,0,0,0,0,0,0
31825,0,0,0,0,0,0,0
31850,0,0,0,0,0,0,0
31875,1,0,1,0,0,0,0
31900,1,0,1,0,0,0,0
31925,1,0,1,0,0,0,0
31950,1,0,1,0,0,0,0
31975,1,0,1,0,0,0,0
32000,1,0,1,0,0,0,0
32025,1,0,1,0,0,0,0
32050,1,0,1,0,0,0,0
32075,1,0,1,0,0,0,0
32100,1,0,1,0,0,0,0
32125,1,0,1,0,0,0,0
32150,1,0,1,0,0,0,0
32175,1,0,1,0,0,0,0
32200,1,0,1,0,0,0,0
32225,1,0,1,0,0,0,0
32250,1,0,1,0,0,0,0
32275,1,0,1,0,0,0,0
32300,1,0,1,0,0,0,0
32325,1,0,1,0,0,0,0
32350,1,0,0,1,0,0,0
32375,1,0,0,1,0,0,0
32400,1,0,0,1,0,0,0
32425,1,0,0,1,0,0,0
32450,1,0,0,1,0,0,0
32475,1,0,0,1,0,0,0
32500,1,0,0,1,0,0,0
32525,1,0,0,1,0,0,0
32550,1,0,0,1,0,0,0
32575,1,0,0,1,0,0,0
32600,1,0,0,1,0,0,0
32625,1,0,0,1,0,0,0
32650,1,0,0,1,0,0,0
32675,1,0,0,1,0,0,0
32700,1,0,0,1,0,0,0
32725,1,0,0,1,0,0,0
32750,1,0,0,0,0,0,0
32775,1,0,0,0,0,0,0
32800,1,0,0,0,0,0,0
32825,1,0,0,0,0,0,0
32850,1,0,0,0,0,0,0
32875,1,0,0,0,0,0,0
32900,1,0,0,0,0,0,0
32925,1,0,0,0,0,0,0
32950,1,0,0,0,0,0,0
32975,1,0,0,0,0,0,0
33000,1,0,0,0,0,0,0
33025,1,0,0,0,0,0,0
33050,1,0,0,0,0,0,0
33075,1,0,0,0,0,0,0
33100,1,0,0,0,0,0,0
33125,1,0,0,0,0,0,0
33150,1,0,0,0,0,0,0
33175,1,0,0,0,0,0,0
33200,1,0,0,0,0,0,0
33225,1,0,0,0,0,0,0
33250,1,0,0,0,0,0,0
33275,1,0,0,0,0,0,0
33300,1,0,0,0,0,0,0
33325,1,0,0,0,0,0,0
33350,1,0,0,0,0,0,0
33375,1,0,0,0,0,0,0
33400,1,0,0,0,0,0,0
33425,1,0,0,0,0,0,0
33450,1,0,0,0,0,0,0
33475,1,0,0,0,0,0,0
33500,1,0,0,0,0,0,0
33525,1,0,0,0,0,0,0
33550,1,0,1,0,0,0,0
33575,1,0,1,0,0,0,0
33600,1,0,1,0,0,0,0
33625,1,0,1,0,0,0,0
33650,1,0,1,0,0,0,0
33675,1,0,1,0,0,0,0
33700,1,0,1,0,0,0,0
33725,1,0,1,0,0,0,0
33750,1,0,1,0,0,0,0
33775,1,0,1,0,0,0,0
33800,1,0,1,0,0,0,0
33825,1,0,1,0,0,0,0
33850,1,0,1,0,0,0,0
33875,1,0,1,0,0,0,0
33900,1,0,1,0,0,0,0
33925,1,0,1,0,0,0,0
33950,1,0,1,0,0,0,0
33975,1,0,1,0,0,0,0
34000,1,0,1,0,0,0,0
34025,1,0,1,0,0,0,0
34050,1,0,1,0,0,0,0
34075,1,0,1,0,0,0,0
34100,1,0,1,0,0,0,0
34125,1,0,0,0,0,0,1
34150,1,0,0,0,0,0,1
34175,1,0,0,0,0,0,1
34200,1,0,0,0,0,0,1
34225,1,0,0,0,0,0,1
34250,1,0,0,0,0,0,1
34275,1,0,0,0,0,0,1
34300,1,0,0,0,0,0,1
34325,1,0,0,0,0,0,1
34350,1,0,0,0,0,0,1
34375,1,0,0,0,0,0,1
34400,1,0,0,0,0,0,1
34425,1,0,0,0,0,0,1
34450,1,0,0,0,0,0,1
34475,1,0,0,0,0,0,1
34500,1,0,0,0,0,0,1
34525,1,0,0,0,0,0,1
34550,1,0,0,0,0,0,1
34575,1,0,0,0,0,0,1
34600,1,0,0,0,0,0,1
34625,1,0,0,0,0,0,1
34650,1,0,0,0,0,0,1
34675,1,0,0,0,0,0,1
34700,1,0,0,0,0,0,1
34725,1,0,0,0,0,0,1
34750,1,0,0,0,0,0,1
34775,1,0,0,0,0,0,1
34800,1,0,0,0,0,0,1
34825,1,0,0,0,0,0,1
34850,1,0,0,0,0,0,1
34875,1,0,0,0,0,0,0
34900,1,0,0,0,0,0,0
34925,1,0,0,0,0,0,0
34950,1,0,0,0,0,0,0
34975,1,0,0,0,0,0,0
35000,1,0,0,0,0,0,0
35025,1,0,0,0,0,0,0
35050,1,0,0,0,0,0,0
35075,1,0,0,0,0,0,0
35100,1,0,0,0,0,0,0
35125,1,0,0,0,0,0,0
35150,1,0,0,0,0,0,0
35175,1,0,0,0,0,0,0
35200,1,0,0,0,0,0,0
35225,1,0,0,0,0,0,0
35250,1,0,0,0,0,0,0
35275,1,0,0,0,0,0,0
35300,1,0,0,0,0,0,0
35325,1,0,0,0,0,0,0
35350,1,0,0,0,0,0,0
35375,1,0,0,0,0,0,0
35400,1,0,0,0,0,0,0
35425,1,0,0,0,0,0,0
35450,1,0,0,0,0,0,0
35475,1,0,0,0,0,0,0
35500,1,0,0,0,0,0,0
35525,1,0,0,0,0,0,0
35550,1,0,0,0,0,0,0
35575,1,0,0,0,0,0,0
35600,1,0,0,0,0,0,0
35625,1,0,0,0,0,0,0
35650,1,0,0,0,0,0,0
35675,1,0,0,0,0,0,0
35700,0,0,0,0,0,1,0
35725,0,0,0,0,0,1,0
35750,0,0,0,0,0,1,0
35775,0,0,0,0,0,1,0
35800,0,0,0,0,0,1,0
35825,0,0,0,0,0,1,0
35850,0,0,0,0,0,1,0
35875,0,0,0,0,0,1,0
35900,0,0,0,0,0,1,0
35925,0,0,0,0,0,1,0
35950,0,0,0,0,0,1,0
35975,0,0,0,0,0,1,0
36000,0,0,0,0,0,1,0
36025,0,0,0,0,0,1,0
36050,0,0,0,0,0,1,0
36075,0,0,0,0,0,1,0
36100,0,0,0,0,0,1,0
36125,0,0,0,0,0,1,0
36150,0,0,0,0,0,1,0
36175,0,0,0,0,0,1,0
36200,0,0,0,0,0,1,0
36225,0,0,0,0,0,1,0
36250,0,0,0,0,0,1,0
36275,0,0,0,0,0,1,0
36300,0,0,0,0,0,1,0
36325,0,0,0,0,0,1,0
36350,0,0,0,0,0,1,0
36375,0,0,0,0,0,1,0
36400,0,0,0,0,0,1,0
36425,0,0,0,0,0,1,0
36450,0,0,0,0,0,1,0
36475,0,0,0,0,0,1,0
36500,0,0,0,0,0,1,0
36525,0,0,0,0,0,1,0
36550,0,0,0,0,0,1,0
36575,0,0,0,0,0,1,0
36600,0,0,0,0,0,1,0
36625,0,0,0,0,0,1,0
36650,0,0,0,0,0,1,0
36675,0,0,0,0,0,1,0
36700,0,0,0,0,0,1,0
36725,0,0,0,0,0,1,0
36750,0,0,0,0,0,1,0
36775,0,0,0,0,0,1,0
36800,0,0,0,0,0,1,0
36825,0,0,0,0,0,1,0
36850,0,0,0,0,0,1,0
36875,0,0,0,0,0,1,0
36900,0,0,0,0,0,1,0
36925,0,0,0,0,0,1,0
36950,0,0,0,0,0,1,0
36975,0,0,0,0,0,1,0
37000,0,0,0,0,0,1,0
37025,0,0,0,0,0,1,0
37050,0,0,0,0,0,1,0
37075,0,0,0,0,0,1,0
37100,0,0,0,0,0,1,0
37125,0,0,0,0,0,1,0
37150,0,0,0,0,0,1,0
37175,0,0,0,0,0,1,0
37200,0,0,0,0,0,1,0
37225,0,0,0,0,0,1,0
37250,0,0,0,0,0,1,0
37275,0,0,0,0,0,1,0
37300,0,0,0,0,0,1,0
37325,0,0,0,0,0,1,0
37350,0,0,0,0,0,1,0
37375,0,0,0,0,0,1,0
37400,0,0,0,0,0,1,0
37425,0,0,0,0,0,1,0
37450,0,0,0,0,0,1,0
37475,0,0,0,0,0,1,0
37500,0,0,0,0,0,1,0
37525,0,0,0,0,0,1,0
37550,0,0,0,0,0,1,0
37575,0,0,0,0,0,1,0
37600,0,0,0,0,0,1,0
37625,0,0,0,0,0,1,0
37650,0,0,0,0,0,1,0
37675,0,0,0,0,0,1,0
37700,0,0,0,0,0,1,0
37725,0,0,0,0,0,1,0
37750,1,1,0,0,0,0,0
37775,1,1,0,0,0,0,0
37800,1,1,0,0,0,0,0
37825,1,1,0,0,0,0,0
37850,1,1,0,0,0,0,0
37875,1,1,0,0,0,0,0
37900,1,1,0,0,0,0,0
37925,1,1,0,0,0,0,0
37950,1,1,0,0,0,0,0
37975,1,1,0,0,0,0,0
38000,1,1,0,0,0,0,0
38025,1,1,0,0,0,0,0
38050,1,1,0,0,0,0,0
38075,1,1,0,0,0,0,0
38100,1,1,0,0,0,0,0
38125,1,1,0,0,0,0,0
38150,1,1,0,0,0,0,0
38175,1,1,0,0,0,0,0
38200,1,1,0,0,0,0,0
38225,1,1,0,0,0,0,0
38250,1,1,0,0,0,0,0
38275,1,1,0,0,0,0,0
38300,1,1,0,0,0,0,0
38325,1,1,0,0,0,0,0
38350,1,1,0,0,0,0,0
38375,0,0,0,0,0,1,0
38400,0,0,0,0,0,1,0
38425,0,0,0,0,0,1,0
38450,0,0,0,0,0,1,0
38475,0,0,0,0,0,1,0
38500,0,0,0,0,0,1,0
38525,0,0,0,0,0,1,0
38550,0,0,0,0,0,1,0
38575,0,0,0,0,0,1,0
38600,0,0,0,0,0,1,0
38625,0,0,0,0,0,1,0
38650,0,0,0,0,0,1,0
38675,0,0,0,0,0,1,0
38700,0,0,0,0,0,1,0
38725,0,0,0,0,0,1,0
38750,0,0,0,0,0,1,0
38775,0,0,0,0,0,1,0
38800,0,0,0,0,0,1,0
38825,0,0,0,0,0,1,0
38850,0,0,0,0,0,1,0
38875,0,0,0,0,0,1,0
38900,0,0,0,0,0,1,0
38925,0,0,0,0,0,1,0
38950,0,0,0,0,0,1,0
38975,1,0,0,0,0,0,1
39000,1,0,0,0,0,0,1
39025,1,0,0,0,0,0,1
39050,1,0,0,0,0,0,1
39075,1,0,0,0,0,0,1
39100,1,0,0,0,0,0,1
39125,1,0,0,0,0,0,1
39150,1,0,0,0,0,0,1
39175,1,0,0,0,0,0,1
39200,1,0,0,0,0,0,1
39225,1,0,0,0,0,0,1
39250,1,0,0,0,0,0,1
39275,1,0,0,0,0,0,1
39300,1,0,0,0,0,0,1
39325,1,0,0,0,0,0,1
39350,1,0,0,0,0,0,1
39375,1,0,0,0,0,0,1
39400,1,0,0,0,0,0,1
39425,1,0,0,0,0,0,1
39450,1,0,0,0,0,0,1
39475,1,0,0,0,0,0,1
39500,1,0,0,0,0,0,1
39525,1,0,0,0,0,0,1
39550,1,0,0,0,0,0,1
39575,1,0,0,0,0,0,1
39600,1,0,0,0,0,0,1
39625,1,0,0,0,0,0,1
39650,1,0,0,0,0,0,1
39675,1,0,0,0,0,0,1
39700,1,0,0,0,0,0,1
39725,1,0,0,0,0,0,1
39750,1,0,0,0,0,0,1
39775,1,0,0,0,0,0,1
39800,1,0,0,0,0,0,1
39825,1,0,0,0,0,0,1
39850,1,0,0,0,0,0,1
39875,1,0,0,0,0,0,1
39900,1,0,0,0,0,0,1
39925,1,0,0,0,0,0,1
39950,1,0,0,0,0,0,1
39975,1,0,0,0,0,0,1
40000,1,0,0,0,0,0,1
40025,1,0,0,0,0,0,1
40050,1,0,0,0,0,0,1
40075,1,0,0,0,0,0,1
40100,1,0,0,0,0,0,1
40125,1,0,0,0,0,0,1
40150,1,0,0,0,0,0,1
40175,1,0,0,0,0,0,1
40200,1,0,0,0,0,0,1
40225,1,0,0,0,0,0,1
40250,1,0,0,0,0,0,1
40275,1,0,0,0,0,0,1
40300,1,0,0,0,0,0,1
40325,1,0,0,0,0,0,1
40350,1,0,0,0,0,0,1
40375,1,0,0,0,0,0,1
40400,1,0,0,0,0,0,1
40425,1,0,0,0,0,0,1
40450,1,0,0,0,0,0,1
40475,1,0,0,0,0,0,1
40500,1,0,0,0,0,0,0
40525,1,0,0,0,0,0,0
40550,1,0,0,0,0,0,0
40575,1,0,0,0,0,0,0
40600,1,0,0,0,0,0,0
40625,1,0,0,0,0,0,0
40650,1,0,0,0,0,0,0
40675,1,0,0,0,0,0,0
40700,1,0,0,0,0,0,0
40725,1,0,0,0,0,0,0
40750,1,0,0,0,0,0,0
40775,1,0,0,0,0,0,0
40800,1,0,0,0,0,0,0
40825,1,0,0,0,0,0,0
40850,1,0,0,0,0,0,0
40875,1,0,0,0,0,0,0
40900,0,0,0,0,0,0,0
40925,0,0,0,0,0,0,0
40950,0,0,0,0,0,0,0
40975,0,0,0,0,0,0,0
41000,0,0,0,0,0,0,0
41025,0,0,0,0,0,0,0
41050,0,0,0,0,0,0,0
41075,0,0,0,0,0,0,0
41100,0,0,0,0,0,0,0
41125,0,0,0,0,0,0,0
41150,0,0,0,0,0,0,0
41175,0,0,0,0,0,0,0
41200,0,0,0,0,0,0,0
41225,0,0,0,0,0,0,0
41250,0,0,0,0,0,0,0
41275,0,0,0,0,0,0,0
41300,0,0,0,0,0,0,0
41325,0,0,0,0,0,0,0
41350,0,0,0,0,0,0,0
41375,0,0,0,0,0,0,0
41400,0,0,0,0,0,0,0
41425,0,0,0,0,0,0,0
41450,0,0,0,0,0,0,0
41475,0,0,0,0,0,0,0
41500,0,0,0,0,0,0,0
41525,0,0,0,0,0,0,0
41550,0,0,0,0,0,0,0
41575,0,0,0,0,0,0,0
41600,0,0,0,0,0,0,0
41625,0,0,0,0,0,0,0
41650,0,0,0,0,0,0,0
41675,0,0,0,0,0,0,0
41700,0,0,0,0,0,0,0
41725,0,0,0,0,0,0,0
41750,0,0,0,0,0,0,0
41775,0,0,0,0,0,0,0
41800,0,0,0,0,0,0,0
41825,0,0,0,0,0,0,0
41850,0,0,0,0,0,0,0
41875,0,0,0,0,0,0,0
41900,0,0,0,0,0,0,0
41925,0,0,0,0,0,0,0
41950,0,0,0,0,0,0,0
41975,0,0,0,0,0,0,0
42000,0,0,0,0,0,0,0
42025,0,0,0,0,0,0,0
42050,0,0,0,0,0,0,0
42075,0,0,0,0,0,0,0
42100,0,0,0,0,0,0,0
42125,0,0,0,0,0,0,0
42150,0,0,0,0,0,0,0
42175,0,0,0,0,0,0,0
42200,0,0,0,0,0,0,0
42225,0,0,0,0,0,0,0
42250,0,0,0,0,0,0,0
42275,0,0,0,0,0,0,0
42300,0,0,0,0,0,0,0
42325,0,0,0,0,0,0,0
42350,0,0,0,0,0,0,0
42375,0,0,0,0,0,0,0
42400,0,0,0,0,0,0,0
42425,0,0,0,0,0,0,0
42450,0,0,0,0,0,0,0
42475,0,0,0,0,0,0,0
42500,0,0,0,0,0,0,0
42525,0,0,0,0,0,0,0
42550,0,0,0,0,0,0,0
42575,0,0,0,0,0,0,0
42600,1,0,0,0,0,0,0
42625,1,0,0,0,0,0,0
42650,1,0,0,0,0,0,0
42675,1,0,0,0,0,0,0
42700,1,0,0,0,0,0,0
42725,1,0,0,0,0,0,0
42750,1,0,0,0,0,0,0
42775,1,0,0,0,0,0,0
42800,1,0,0,0,0,0,0
42825,1,0,0,0,0,0,0
42850,1,0,0,0,0,0,0
42875,1,0,0,0,0,0,0
42900,1,0,0,0,0,0,0
42925,1,0,0,0,0,0,0
42950,1,0,0,0,0,0,0
42975,1,0,0,0,0,0,0
43000,1,0,0,0,0,0,0
43025,1,0,0,0,0,0,0
43050,1,0,0,0,0,0,0
43075,1,0,0,0,0,0,0
43100,0,0,0,0,0,0,0
43125,0,0,0,0,0,0,0
43150,0,0,0,0,0,0,0
43175,0,0,0,0,0,0,0
43200,0,0,0,0,0,0,0
43225,0,0,0,0,0,0,0
43250,0,0,0,0,0,0,0
43275,0,0,0,0,0,0,0
43300,0,0,0,0,0,0,0
43325,0,0,0,0,0,0,0
43350,0,0,0,0,0,0,0
43375,0,0,0,0,0,0,0
43400,0,0,0,0,0,0,0
43425,0,0,0,0,0,0,0
43450,0,0,0,0,0,0,0
43475,0,0,0,0,0,0,0
43500,0,0,0,0,0,0,0
43525,0,0,0,0,0,0,0
43550,0,0,0,0,0,0,0
