Frame,Grasper,Bipolar,Hook,Scissors,Clipper,Irrigator,SpecimenBag
0,1,0,0,0,0,0,0
25,1,0,0,0,0,0,0
50,1,0,0,0,0,0,0
75,1,0,0,0,0,0,0
100,1,0,0,0,0,0,0
125,1,0,0,0,0,0,0
150,1,0,0,0,0,0,0
175,1,0,0,0,0,0,0
200,1,0,0,0,0,0,0
225,1,0,0,0,0,0,0
250,1,0,0,0,0,0,0
275,1,0,0,0,0,0,0
300,1,0,0,0,0,0,0
325,1,0,0,0,0,0,0
350,1,0,0,0,0,0,0
375,1,0,0,0,0,0,0
400,1,0,0,0,0,0,0
425,1,0,0,0,0,0,0
450,1,0,0,0,0,0,0
475,1,0,0,0,0,0,0
500,1,0,0,0,0,0,0
525,1,0,0,0,0,0,0
550,1,0,0,0,0,0,0
575,1,0,0,0,0,0,0
600,1,0,0,0,0,0,0
625,1,0,0,0,0,0,0
650,1,0,0,0,0,0,0
675,1,0,0,0,0,0,0
700,1,0,0,0,0,0,0
725,1,0,0,0,0,0,0
750,1,0,0,0,0,0,0
775,1,0,0,0,0,0,0
800,1,0,0,0,0,0,0
825,1,0,0,0,0,0,0
850,1,0,0,0,0,0,0
875,1,0,0,0,0,0,0
900,1,0,0,0,0,0,0
925,1,0,0,0,0,0,0
950,1,0,0,0,0,0,0
975,1,0,0,0,0,0,0
1000,1,0,0,0,0,0,0
1025,1,0,0,0,0,0,0
1050,1,0,0,0,0,0,0
1075,1,0,0,0,0,0,0
1100,1,0,0,0,0,0,0
1125,1,0,0,0,0,0,0
1150,1,0,0,0,0,0,0
1175,1,0,0,0,0,0,0
1200,1,0,0,0,0,0,0
1225,1,0,0,0,0,0,0
1250,1,0,0,0,0,0,0
1275,0,0,0,0,0,0,0
1300,0,0,0,0,0,0,0
1325,0,0,0,0,0,0,0
1350,0,0,0,0,0,0,0
1375,0,0,0,0,0,0,0
1400,0,0,0,0,0,0,0
1425,0,0,0,0,0,0,0
1450,0,0,0,0,0,0,0
1475,0,0,0,0,0,0,0
1500,0,0,0,0,0,0,0
1525,0,0,0,0,0,0,0
1550,0,0,0,0,0,0,0
1575,0,0,0,0,0,0,0
1600,0,0,0,0,0,0,0
1625,0,0,0,0,0,0,0
1650,0,0,0,0,0,0,0
1675,0,0,0,0,0,0,0
1700,0,0,0,0,0,0,0
1725,0,0,0,0,0,0,0
1750,0,0,0,0,0,0,0
1775,0,0,0,0,0,0,0
1800,0,0,0,0,0,0,0
1825,0,0,0,0,0,0,0
1850,0,0,0,0,0,0,0
1875,0,0,0,0,0,0,0
1900,0,0,0,0,0,0,0
1925,0,0,0,0,0,0,0
1950,0,0,0,0,0,0,0
1975,0,0,0,0,0,0,0
2000,0,0,0,0,0,0,0
2025,0,0,0,0,0,0,0
2050,0,0,0,0,0,0,0
2075,0,0,0,0,0,0,0
2100,0,0,0,0,0,0,0
2125,0,0,0,0,0,0,0
2150,0,0,0,0,0,0,0
2175,0,0,0,0,0,0,0
2200,0,0,0,0,0,0,0
2225,0,0,0,0,0,0,0
2250,0,0,0,0,0,0,0
2275,0,0,0,0,0,0,0
2300,0,0,0,0,0,0,0
2325,0,0,0,0,0,0,0
2350,0,0,0,0,0,0,0
2375,0,0,0,0,0,0,0
2400,0,0,0,0,0,0,0
2425,0,0,0,0,0,0,0
2450,0,0,0,0,0,0,0
2475,0,0,0,0,0,0,0
2500,0,0,0,0,0,0,0
2525,0,0,0,0,0,0,0
2550,0,0,0,0,0,0,0
2575,0,0,0,0,0,0,0
2600,0,0,0,0,0,0,0
2625,0,0,0,0,0,0,0
2650,0,0,0,0,0,0,0
2675,0,0,0,0,0,0,0
2700,0,0,0,0,0,0,0
2725,0,0,0,0,0,0,0
2750,0,0,0,0,0,0,0
2775,0,0,0,0,0,0,0
2800,0,0,0,0,0,0,0
2825,0,0,0,0,0,0,0
2850,0,0,0,0,0,0,0
2875,0,0,0,0,0,0,0
2900,0,0,0,0,0,0,0
2925,0,0,0,0,0,0,0
2950,0,0,0,0,0,0,0
2975,0,0,0,0,0,0,0
3000,0,0,0,0,0,0,0
3025,0,0,0,0,0,0,0
3050,0,0,0,0,0,0,0
3075,0,0,0,0,0,0,0
3100,0,0,0,0,0,0,0
3125,0,0,0,0,0,0,0
3150,0,0,0,0,0,0,0
3175,0,0,0,0,0,0,0
3200,0,0,0,0,0,0,0
3225,0,0,0,0,0,0,0
3250,0,0,0,0,0,0,0
3275,0,0,0,0,0,0,0
3300,0,0,0,0,0,0,0
3325,0,0,0,0,0,0,0
3350,0,0,0,0,0,0,0
3375,0,0,0,0,0,0,0
3400,0,0,0,0,0,0,0
3425,0,0,0,0,0,0,0
3450,0,0,0,0,0,0,0
3475,0,0,0,0,0,0,0
3500,0,0,0,0,0,0,0
3525,0,0,0,0,0,0,0
3550,0,0,0,0,0,0,0
3575,0,0,0,0,0,0,0
3600,0,0,0,0,0,0,0
3625,0,0,0,0,0,0,0
3650,0,0,0,0,0,0,0
3675,0,0,0,0,0,0,0
3700,0,0,0,0,0,0,0
3725,0,0,0,0,0,0,0
3750,0,0,0,0,0,0,0
3775,0,0,0,0,0,0,0
3800,0,0,0,0,0,0,0
3825,0,0,0,0,0,0,0
3850,0,0,0,0,0,0,0
3875,0,0,0,0,0,0,0
3900,0,0,0,0,0,0,0
3925,0,0,0,0,0,0,0
3950,0,0,0,0,0,0,0
3975,0,0,0,0,0,0,0
4000,0,0,0,0,0,0,0
4025,0,0,0,0,0,0,0
4050,0,0,0,0,0,0,0
4075,0,0,0,0,0,0,0
4100,0,0,0,0,0,0,0
4125,1,0,0,0,0,0,0
4150,1,0,0,0,0,0,0
4175,1,0,0,0,0,0,0
4200,1,0,0,0,0,0,0
4225,1,0,0,0,0,0,0
4250,1,0,0,0,0,0,0
4275,1,0,0,0,0,0,0
4300,1,0,0,0,0,0,0
4325,1,0,0,0,0,0,0
4350,1,0,0,0,0,0,0
4375,1,0,0,0,0,0,0
4400,1,0,0,0,0,0,0
4425,1,0,0,0,0,0,0
4450,1,0,0,0,0,0,0
4475,1,0,0,0,0,0,0
4500,1,0,0,0,0,0,0
4525,1,0,0,0,0,0,0
4550,1,0,0,0,0,0,0
4575,1,0,0,0,0,0,0
4600,1,0,0,0,0,0,0
4625,1,0,0,0,0,0,0
4650,1,0,0,0,0,0,0
4675,1,0,0,0,0,0,0
4700,1,0,0,0,0,0,0
4725,1,0,0,0,0,0,0
4750,1,0,0,0,0,0,0
4775,1,0,0,0,0,0,0
4800,1,0,0,0,0,0,0
4825,1,0,0,0,0,0,0
4850,1,0,0,0,0,0,0
4875,1,0,0,0,0,0,0
4900,1,0,0,0,0,0,0
4925,1,0,0,0,0,0,0
4950,1,0,0,0,0,0,0
4975,1,0,0,0,0,0,0
5000,1,0,0,0,0,0,0
5025,1,0,0,0,0,0,0
5050,1,0,1,0,0,0,0
5075,1,0,1,0,0,0,0
5100,1,0,1,0,0,0,0
5125,1,0,1,0,0,0,0
5150,1,0,1,0,0,0,0
5175,1,0,1,0,0,0,0
5200,1,0,1,0,0,0,0
5225,1,0,1,0,0,0,0
5250,1,0,1,0,0,0,0
5275,1,0,1,0,0,0,0
5300,1,0,1,0,0,0,0
5325,1,0,1,0,0,0,0
5350,1,0,1,0,0,0,0
5375,1,0,1,0,0,0,0
5400,1,0,1,0,0,0,0
5425,1,0,1,0,0,0,0
5450,1,0,1,0,0,0,0
5475,1,0,1,0,0,0,0
5500,1,0,1,0,0,0,0
5525,1,0,1,0,0,0,0
5550,1,0,1,0,0,0,0
5575,1,0,1,0,0,0,0
5600,1,0,1,0,0,0,0
5625,1,0,1,0,0,0,0
5650,1,0,1,0,0,0,0
5675,1,0,1,0,0,0,0
5700,1,0,1,0,0,0,0
5725,1,0,1,0,0,0,0
5750,1,0,1,0,0,0,0
5775,1,0,1,0,0,0,0
5800,1,0,1,0,0,0,0
5825,1,0,1,0,0,0,0
5850,1,0,1,0,0,0,0
5875,1,0,1,0,0,0,0
5900,1,0,1,0,0,0,0
5925,1,0,1,0,0,0,0
5950,1,0,1,0,0,0,0
5975,1,0,1,0,0,0,0
6000,1,0,1,0,0,0,0
6025,1,0,1,0,0,0,0
6050,1,0,1,0,0,0,0
6075,1,0,1,0,0,0,0
6100,1,0,1,0,0,0,0
6125,1,0,1,0,0,0,0
6150,1,0,1,0,0,0,0
6175,1,0,1,0,0,0,0
6200,1,0,1,0,0,0,0
6225,1,0,1,0,0,0,0
6250,1,0,1,0,0,0,0
6275,1,0,1,0,0,0,0
6300,1,0,1,0,0,0,0
6325,1,0,1,0,0,0,0
6350,1,0,1,0,0,0,0
6375,1,0,1,0,0,0,0
6400,1,0,1,0,0,0,0
6425,1,0,1,0,0,0,0
6450,1,0,1,0,0,0,0
6475,1,0,1,0,0,0,0
6500,1,0,1,0,0,0,0
6525,1,0,1,0,0,0,0
6550,1,0,1,0,0,0,0
6575,1,0,1,0,0,0,0
6600,1,0,1,0,0,0,0
6625,1,0,1,0,0,0,0
6650,1,0,1,0,0,0,0
6675,0,0,1,0,0,0,0
6700,0,0,1,0,0,0,0
6725,0,0,1,0,0,0,0
6750,0,0,1,0,0,0,0
6775,0,0,1,0,0,0,0
6800,0,0,1,0,0,0,0
6825,0,0,1,0,0,0,0
6850,0,0,1,0,0,0,0
6875,0,0,1,0,0,0,0
6900,0,0,1,0,0,0,0
6925,0,0,1,0,0,0,0
6950,0,0,1,0,0,0,0
6975,0,0,1,0,0,0,0
7000,0,0,1,0,0,0,0
7025,0,0,1,0,0,0,0
7050,0,0,1,0,0,0,0
7075,0,0,1,0,0,0,0
7100,0,0,1,0,0,0,0
7125,0,0,1,0,0,0,0
7150,0,0,1,0,0,0,0
7175,0,0,1,0,0,0,0
7200,0,0,1,0,0,0,0
7225,1,0,1,0,0,0,0
7250,1,0,1,0,0,0,0
7275,1,0,1,0,0,0,0
7300,1,0,1,0,0,0,0
7325,1,0,1,0,0,0,0
7350,1,0,1,0,0,0,0
7375,1,0,1,0,0,0,0
7400,1,0,1,0,0,0,0
7425,1,0,1,0,0,0,0
7450,1,0,1,0,0,0,0
7475,1,0,1,0,0,0,0
7500,1,0,1,0,0,0,0
7525,1,0,1,0,0,0,0
7550,1,0,1,0,0,0,0
7575,1,0,1,0,0,0,0
7600,1,0,1,0,0,0,0
7625,1,0,1,0,0,0,0
7650,1,0,1,0,0,0,0
7675,1,0,1,0,0,0,0
7700,1,0,1,0,0,0,0
7725,1,0,1,0,0,0,0
7750,1,0,1,0,0,0,0
7775,1,0,1,0,0,0,0
7800,1,0,1,0,0,0,0
7825,1,0,1,0,0,0,0
7850,1,0,1,0,0,0,0
7875,1,0,1,0,0,0,0
7900,1,0,1,0,0,0,0
7925,1,0,1,0,0,0,0
7950,1,0,1,0,0,0,0
7975,1,0,1,0,0,0,0
8000,1,0,1,0,0,0,0
8025,1,0,1,0,0,0,0
8050,1,0,1,0,0,0,0
8075,1,0,1,0,0,0,0
8100,1,0,1,0,0,0,0
8125,1,0,1,0,0,0,0
8150,1,0,1,0,0,0,0
8175,1,0,1,0,0,0,0
8200,1,0,1,0,0,0,0
8225,1,0,1,0,0,0,0
8250,1,0,1,0,0,0,0
8275,1,0,1,0,0,0,0
8300,1,0,1,0,0,0,0
8325,1,0,1,0,0,0,0
8350,1,0,1,0,0,0,0
8375,1,0,1,0,0,0,0
8400,1,0,1,0,0,0,0
8425,1,0,1,0,0,0,0
8450,1,0,1,0,0,0,0
8475,1,0,1,0,0,0,0
8500,1,0,1,0,0,0,0
8525,1,0,1,0,0,0,0
8550,1,0,1,0,0,0,0
8575,1,0,1,0,0,0,0
8600,1,0,1,0,0,0,0
8625,1,0,1,0,0,0,0
8650,1,0,1,0,0,0,0
8675,1,0,1,0,0,0,0
8700,1,0,1,0,0,0,0
8725,1,0,1,0,0,0,0
8750,1,0,1,0,0,0,0
8775,1,0,1,0,0,0,0
8800,1,0,1,0,0,0,0
8825,1,0,1,0,0,0,0
8850,1,0,1,0,0,0,0
8875,1,0,1,0,0,0,0
8900,1,0,1,0,0,0,0
8925,1,0,1,0,0,0,0
8950,1,0,1,0,0,0,0
8975,1,0,1,0,0,0,0
9000,1,0,1,0,0,0,0
9025,1,0,1,0,0,0,0
9050,1,0,1,0,0,0,0
9075,1,0,1,0,0,0,0
9100,1,0,1,0,0,0,0
9125,1,0,1,0,0,0,0
9150,1,0,1,0,0,0,0
9175,1,0,1,0,0,0,0
9200,1,0,1,0,0,0,0
9225,1,0,1,0,0,0,0
9250,1,0,1,0,0,0,0
9275,1,0,1,0,0,0,0
9300,1,0,1,0,0,0,0
9325,1,0,1,0,0,0,0
9350,1,0,1,0,0,0,0
9375,1,0,1,0,0,0,0
9400,1,0,1,0,0,0,0
9425,1,0,1,0,0,0,0
9450,1,0,1,0,0,0,0
9475,1,0,1,0,0,0,0
9500,1,0,1,0,0,0,0
9525,1,0,1,0,0,0,0
9550,1,0,1,0,0,0,0
9575,1,0,1,0,0,0,0
9600,1,0,1,0,0,0,0
9625,1,0,1,0,0,0,0
9650,1,0,1,0,0,0,0
9675,1,0,1,0,0,0,0
9700,1,0,1,0,0,0,0
9725,1,0,1,0,0,0,0
9750,1,0,1,0,0,0,0
9775,1,0,1,0,0,0,0
9800,1,0,1,0,0,0,0
9825,1,0,1,0,0,0,0
9850,1,0,1,0,0,0,0
9875,1,0,1,0,0,0,0
9900,1,0,1,0,0,0,0
9925,1,0,1,0,0,0,0
9950,1,0,1,0,0,0,0
9975,1,0,1,0,0,0,0
10000,1,0,1,0,0,0,0
10025,1,0,1,0,0,0,0
10050,1,0,1,0,0,0,0
10075,1,0,1,0,0,0,0
10100,1,0,1,0,0,0,0
10125,1,0,1,0,0,0,0
10150,1,0,1,0,0,0,0
10175,1,0,1,0,0,0,0
10200,1,0,1,0,0,0,0
10225,1,0,1,0,0,0,0
10250,1,0,1,0,0,0,0
10275,1,0,1,0,0,0,0
10300,1,0,1,0,0,0,0
10325,1,0,1,0,0,0,0
10350,1,0,1,0,0,0,0
10375,1,0,1,0,0,0,0
10400,1,0,1,0,0,0,0
10425,1,0,1,0,0,0,0
10450,1,0,1,0,0,0,0
10475,1,0,1,0,0,0,0
10500,1,0,1,0,0,0,0
10525,1,0,1,0,0,0,0
10550,1,0,1,0,0,0,0
10575,1,0,1,0,0,0,0
10600,1,0,1,0,0,0,0
10625,1,0,1,0,0,0,0
10650,1,0,1,0,0,0,0
10675,1,0,1,0,0,0,0
10700,1,0,1,0,0,0,0
10725,1,0,1,0,0,0,0
10750,1,0,1,0,0,0,0
10775,1,0,1,0,0,0,0
10800,1,0,1,0,0,0,0
10825,1,0,1,0,0,0,0
10850,1,0,1,0,0,0,0
10875,1,0,1,0,0,0,0
10900,1,0,1,0,0,0,0
10925,1,0,1,0,0,0,0
10950,1,0,1,0,0,0,0
10975,1,0,1,0,0,0,0
11000,1,0,1,0,0,0,0
11025,1,0,1,0,0,0,0
11050,1,0,1,0,0,0,0
11075,1,0,1,0,0,0,0
11100,1,0,1,0,0,0,0
11125,1,0,1,0,0,0,0
11150,1,0,1,0,0,0,0
11175,1,0,1,0,0,0,0
11200,1,0,1,0,0,0,0
11225,1,0,1,0,0,0,0
11250,1,0,1,0,0,0,0
11275,1,0,1,0,0,0,0
11300,1,0,1,0,0,0,0
11325,1,0,1,0,0,0,0
11350,1,0,1,0,0,0,0
11375,1,0,1,0,0,0,0
11400,1,0,1,0,0,0,0
11425,1,0,1,0,0,0,0
11450,1,0,1,0,0,0,0
11475,1,0,1,0,0,0,0
11500,1,0,1,0,0,0,0
11525,0,0,1,0,0,0,0
11550,0,0,1,0,0,0,0
11575,0,0,1,0,0,0,0
11600,0,0,1,0,0,0,0
11625,0,0,1,0,0,0,0
11650,0,0,1,0,0,0,0
11675,0,0,1,0,0,0,0
11700,0,0,1,0,0,0,0
11725,0,0,1,0,0,0,0
11750,0,0,1,0,0,0,0
11775,0,0,1,0,0,0,0
11800,0,0,1,0,0,0,0
11825,0,0,1,0,0,0,0
11850,0,0,1,0,0,0,0
11875,0,0,1,0,0,0,0
11900,0,0,1,0,0,0,0
11925,0,0,1,0,0,0,0
11950,0,0,1,0,0,0,0
11975,0,0,1,0,0,0,0
12000,0,0,1,0,0,0,0
12025,0,0,1,0,0,0,0
12050,0,0,1,0,0,0,0
12075,0,0,1,0,0,0,0
12100,0,0,1,0,0,0,0
12125,0,0,1,0,0,0,0
12150,0,0,1,0,0,0,0
12175,0,1,0,0,0,0,0
12200,0,1,0,0,0,0,0
12225,0,1,0,0,0,0,0
12250,0,1,0,0,0,0,0
12275,0,1,0,0,0,0,0
12300,0,1,0,0,0,0,0
12325,0,1,0,0,0,0,0
12350,0,1,0,0,0,0,0
12375,0,1,0,0,0,0,0
12400,0,1,0,0,0,0,0
12425,0,1,0,0,0,0,0
12450,0,1,0,0,0,0,0
12475,0,1,0,0,0,0,0
12500,0,1,0,0,0,0,0
12525,0,1,0,0,0,0,0
12550,0,1,0,0,0,0,0
12575,0,1,0,0,0,0,0
12600,0,1,0,0,0,0,0
12625,0,1,0,0,0,0,0
12650,0,1,0,0,0,0,0
12675,0,1,0,0,0,0,0
12700,0,1,0,0,0,0,0
12725,0,1,0,0,0,0,0
12750,0,1,0,0,0,0,0
12775,0,1,0,0,0,0,0
12800,0,1,0,0,0,0,0
12825,0,1,0,0,0,0,0
12850,0,1,0,0,0,0,0
12875,0,1,0,0,0,0,0
12900,0,1,0,0,0,0,0
12925,0,1,0,0,0,0,0
12950,0,1,0,0,0,0,0
12975,0,1,0,0,0,0,0
13000,0,1,0,0,0,0,0
13025,0,1,0,0,0,0,0
13050,0,1,0,0,0,0,0
13075,0,1,0,0,0,0,0
13100,0,1,0,0,0,0,0
13125,0,1,0,0,0,0,0
13150,0,1,0,0,0,0,0
13175,0,1,0,0,0,0,0
13200,0,0,1,0,0,0,0
13225,0,0,1,0,0,0,0
13250,0,0,1,0,0,0,0
13275,0,0,1,0,0,0,0
13300,0,0,1,0,0,0,0
13325,0,0,1,0,0,0,0
13350,0,0,1,0,0,0,0
13375,0,0,1,0,0,0,0
13400,0,0,1,0,0,0,0
13425,0,0,1,0,0,0,0
13450,0,0,1,0,0,0,0
13475,0,0,1,0,0,0,0
13500,0,0,1,0,0,0,0
13525,0,0,1,0,0,0,0
13550,0,0,1,0,0,0,0
13575,1,0,1,0,0,0,0
13600,1,0,1,0,0,0,0
13625,1,0,1,0,0,0,0
13650,1,0,1,0,0,0,0
13675,1,0,1,0,0,0,0
13700,1,0,1,0,0,0,0
13725,1,0,1,0,0,0,0
13750,1,0,1,0,0,0,0
13775,1,0,1,0,0,0,0
13800,1,0,1,0,0,0,0
13825,1,0,1,0,0,0,0
13850,1,0,1,0,0,0,0
13875,1,0,1,0,0,0,0
13900,1,0,1,0,0,0,0
13925,1,0,1,0,0,0,0
13950,1,0,1,0,0,0,0
13975,1,0,1,0,0,0,0
14000,1,0,1,0,0,0,0
14025,1,0,1,0,0,0,0
14050,1,0,1,0,0,0,0
14075,1,0,1,0,0,0,0
14100,1,0,1,0,0,0,0
14125,1,0,1,0,0,0,0
14150,1,0,1,0,0,0,0
14175,1,0,1,0,0,0,0
14200,1,0,1,0,0,0,0
14225,1,0,1,0,0,0,0
14250,1,0,1,0,0,0,0
14275,1,0,1,0,0,0,0
14300,1,0,1,0,0,0,0
14325,1,0,1,0,0,0,0
14350,1,0,1,0,0,0,0
14375,1,0,1,0,0,0,0
14400,1,0,1,0,0,0,0
14425,1,0,1,0,0,0,0
14450,1,0,1,0,0,0,0
14475,1,0,1,0,0,0,0
14500,1,0,1,0,0,0,0
14525,1,0,1,0,0,0,0
14550,1,0,1,0,0,0,0
14575,1,0,1,0,0,0,0
14600,1,0,1,0,0,0,0
14625,1,0,1,0,0,0,0
14650,1,0,1,0,0,0,0
14675,1,0,1,0,0,0,0
14700,1,0,1,0,0,0,0
14725,1,0,1,0,0,0,0
14750,1,0,1,0,0,0,0
14775,1,0,1,0,0,0,0
14800,1,0,1,0,0,0,0
14825,1,0,1,0,0,0,0
14850,1,0,1,0,0,0,0
14875,1,0,1,0,0,0,0
14900,1,0,1,0,0,0,0
14925,1,0,1,0,0,0,0
14950,1,0,1,0,0,0,0
14975,1,0,1,0,0,0,0
15000,1,0,1,0,0,0,0
15025,1,0,1,0,0,0,0
15050,1,0,1,0,0,0,0
15075,1,0,1,0,0,0,0
15100,1,0,1,0,0,0,0
15125,1,0,1,0,0,0,0
15150,1,0,0,0,0,0,0
15175,1,0,0,0,0,0,0
15200,1,0,0,0,0,0,0
15225,1,0,0,0,0,0,0
15250,1,0,0,0,0,0,0
15275,1,0,0,0,0,0,0
15300,1,0,0,0,0,0,0
15325,1,0,0,0,0,0,0
15350,1,0,0,0,0,0,0
15375,1,0,0,0,0,0,0
15400,1,0,0,0,0,0,0
15425,1,0,0,0,0,0,0
15450,1,0,0,0,0,0,0
15475,1,0,0,0,0,0,0
15500,1,0,0,0,0,0,0
15525,1,0,1,0,0,0,0
15550,1,0,1,0,0,0,0
15575,1,0,1,0,0,0,0
15600,1,0,1,0,0,0,0
15625,1,0,1,0,0,0,0
15650,1,0,1,0,0,0,0
15675,1,0,1,0,0,0,0
15700,1,0,1,0,0,0,0
15725,1,0,1,0,0,0,0
15750,1,0,1,0,0,0,0
15775,1,0,1,0,0,0,0
15800,1,0,1,0,0,0,0
15825,1,0,1,0,0,0,0
15850,1,0,1,0,0,0,0
15875,1,0,1,0,0,0,0
15900,1,0,1,0,0,0,0
15925,1,0,1,0,0,0,0
15950,1,0,1,0,0,0,0
15975,1,0,1,0,0,0,0
16000,1,0,1,0,0,0,0
16025,1,0,1,0,0,0,0
16050,1,0,1,0,0,0,0
16075,1,0,1,0,0,0,0
16100,1,0,1,0,0,0,0
16125,1,0,1,0,0,0,0
16150,1,0,1,0,0,0,0
16175,1,0,1,0,0,0,0
16200,1,0,1,0,0,0,0
16225,1,0,1,0,0,0,0
16250,1,0,1,0,0,0,0
16275,1,0,1,0,0,0,0
16300,1,0,1,0,0,0,0
16325,1,0,1,0,0,0,0
16350,1,0,1,0,0,0,0
16375,1,0,1,0,0,0,0
16400,1,0,1,0,0,0,0
16425,1,0,1,0,0,0,0
16450,1,0,1,0,0,0,0
16475,1,0,1,0,0,0,0
16500,1,0,1,0,0,0,0
16525,1,0,1,0,0,0,0
16550,1,0,1,0,0,0,0
16575,1,0,1,0,0,0,0
16600,1,0,1,0,0,0,0
16625,1,0,1,0,0,0,0
16650,1,0,1,0,0,0,0
16675,1,0,1,0,0,0,0
16700,1,0,1,0,0,0,0
16725,1,0,1,0,0,0,0
16750,1,0,1,0,0,0,0
16775,1,0,1,0,0,0,0
16800,1,0,1,0,0,0,0
16825,1,0,1,0,0,0,0
16850,1,0,1,0,0,0,0
16875,1,0,1,0,0,0,0
16900,1,0,1,0,0,0,0
16925,1,0,1,0,0,0,0
16950,1,0,1,0,0,0,0
16975,1,0,1,0,0,0,0
17000,1,0,1,0,0,0,0
17025,1,0,1,0,0,0,0
17050,1,0,1,0,0,0,0
17075,0,0,1,0,0,0,0
17100,0,0,1,0,0,0,0
17125,0,0,1,0,0,0,0
17150,0,0,1,0,0,0,0
17175,0,0,1,0,0,0,0
17200,0,0,1,0,0,0,0
17225,0,0,1,0,0,0,0
17250,0,0,1,0,0,0,0
17275,0,0,1,0,0,0,0
17300,0,0,1,0,0,0,0
17325,0,0,1,0,0,0,0
17350,0,0,1,0,0,0,0
17375,0,0,1,0,0,0,0
17400,0,0,1,0,0,0,0
17425,0,0,1,0,0,0,0
17450,0,0,1,0,0,0,0
17475,0,0,1,0,0,0,0
17500,0,0,1,0,0,0,0
17525,0,0,1,0,0,0,0
17550,0,0,1,0,0,0,0
17575,0,0,1,0,0,0,0
17600,0,0,1,0,0,0,0
17625,0,0,1,0,0,0,0
17650,0,0,1,0,0,0,0
17675,0,0,1,0,0,0,0
17700,0,0,1,0,0,0,0
17725,0,0,1,0,0,0,0
17750,0,0,1,0,0,0,0
17775,0,0,1,0,0,0,0
17800,0,0,1,0,0,0,0
17825,0,0,1,0,0,0,0
17850,0,0,1,0,0,0,0
17875,0,0,1,0,0,0,0
17900,0,0,1,0,0,0,0
17925,0,0,1,0,0,0,0
17950,0,0,1,0,0,0,0
17975,0,0,1,0,0,0,0
18000,0,0,1,0,0,0,0
18025,0,0,1,0,0,0,0
18050,0,0,1,0,0,0,0
18075,0,0,1,0,0,0,0
18100,0,0,1,0,0,0,0
18125,0,0,1,0,0,0,0
18150,0,0,1,0,0,0,0
18175,0,0,1,0,0,0,0
18200,0,0,1,0,0,0,0
18225,0,0,1,0,0,0,0
18250,0,0,1,0,0,0,0
18275,0,0,1,0,0,0,0
18300,0,0,1,0,0,0,0
18325,0,0,1,0,0,0,0
18350,0,0,1,0,0,0,0
18375,0,0,1,0,0,0,0
18400,0,0,1,0,0,0,0
18425,0,0,1,0,0,0,0
18450,0,0,1,0,0,0,0
18475,0,0,1,0,0,0,0
18500,0,0,1,0,0,0,0
18525,0,0,1,0,0,0,0
18550,0,0,1,0,0,0,0
18575,0,0,1,0,0,0,0
18600,0,0,1,0,0,0,0
18625,0,0,1,0,0,0,0
18650,0,0,1,0,0,0,0
18675,0,0,1,0,0,0,0
18700,0,0,1,0,0,0,0
18725,0,0,1,0,0,0,0
18750,0,0,1,0,0,0,0
18775,0,0,1,0,0,0,0
18800,0,0,1,0,0,0,0
18825,1,0,1,0,0,0,0
18850,1,0,1,0,0,0,0
18875,1,0,1,0,0,0,0
18900,1,0,1,0,0,0,0
18925,1,0,1,0,0,0,0
18950,1,0,1,0,0,0,0
18975,1,0,1,0,0,0,0
19000,1,0,1,0,0,0,0
19025,1,0,1,0,0,0,0
19050,1,0,1,0,0,0,0
19075,1,0,1,0,0,0,0
19100,1,0,1,0,0,0,0
19125,1,0,1,0,0,0,0
19150,1,0,1,0,0,0,0
19175,1,0,1,0,0,0,0
19200,1,0,1,0,0,0,0
19225,1,0,1,0,0,0,0
19250,1,0,1,0,0,0,0
19275,1,0,1,0,0,0,0
19300,1,0,1,0,0,0,0
19325,1,0,1,0,0,0,0
19350,1,0,1,0,0,0,0
19375,1,0,1,0,0,0,0
19400,1,0,1,0,0,0,0
19425,1,0,1,0,0,0,0
19450,1,0,1,0,0,0,0
19475,1,0,1,0,0,0,0
19500,1,0,1,0,0,0,0
19525,1,0,1,0,0,0,0
19550,1,0,1,0,0,0,0
19575,1,0,1,0,0,0,0
19600,1,0,1,0,0,0,0
19625,1,0,1,0,0,0,0
19650,0,0,1,0,0,0,0
19675,0,0,1,0,0,0,0
19700,0,0,1,0,0,0,0
19725,0,0,1,0,0,0,0
19750,0,0,1,0,0,0,0
19775,0,0,1,0,0,0,0
19800,0,0,1,0,0,0,0
19825,0,0,1,0,0,0,0
19850,0,0,1,0,0,0,0
19875,0,0,1,0,0,0,0
19900,0,0,1,0,0,0,0
19925,0,0,1,0,0,0,0
19950,0,0,1,0,0,0,0
19975,0,0,1,0,0,0,0
20000,0,0,1,0,0,0,0
20025,0,0,1,0,0,0,0
20050,0,0,1,0,0,0,0
20075,0,0,1,0,0,0,0
20100,0,0,1,0,0,0,0
20125,1,0,1,0,0,0,0
20150,1,0,1,0,0,0,0
20175,1,0,1,0,0,0,0
20200,1,0,1,0,0,0,0
20225,1,0,1,0,0,0,0
20250,1,0,1,0,0,0,0
20275,1,0,1,0,0,0,0
20300,1,0,1,0,0,0,0
20325,1,0,1,0,0,0,0
20350,1,0,1,0,0,0,0
20375,1,0,1,0,0,0,0
20400,1,0,1,0,0,0,0
20425,1,0,1,0,0,0,0
20450,1,0,1,0,0,0,0
20475,1,0,1,0,0,0,0
20500,1,0,1,0,0,0,0
20525,1,0,1,0,0,0,0
20550,1,0,1,0,0,0,0
20575,1,0,1,0,0,0,0
20600,1,0,1,0,0,0,0
20625,1,0,1,0,0,0,0
20650,1,0,1,0,0,0,0
20675,1,0,1,0,0,0,0
20700,1,0,1,0,0,0,0
20725,1,0,1,0,0,0,0
20750,1,0,1,0,0,0,0
20775,1,0,1,0,0,0,0
20800,1,0,1,0,0,0,0
20825,1,0,1,0,0,0,0
20850,1,0,1,0,0,0,0
20875,1,0,1,0,0,0,0
20900,1,0,1,0,0,0,0
20925,0,1,0,0,0,0,0
20950,0,1,0,0,0,0,0
20975,0,1,0,0,0,0,0
21000,0,1,0,0,0,0,0
21025,0,1,0,0,0,0,0
21050,0,1,0,0,0,0,0
21075,0,1,0,0,0,0,0
21100,0,1,0,0,0,0,0
21125,0,1,0,0,0,0,0
21150,0,1,0,0,0,0,0
21175,0,1,0,0,0,0,0
21200,0,1,0,0,0,0,0
21225,0,1,0,0,0,0,0
21250,0,1,0,0,0,0,0
21275,0,1,0,0,0,0,0
21300,0,1,0,0,0,0,0
21325,0,1,0,0,0,0,0
21350,0,1,0,0,0,0,0
21375,0,1,0,0,0,0,0
21400,0,1,0,0,0,0,0
21425,0,1,0,0,0,0,0
21450,0,1,0,0,0,0,0
21475,0,1,0,0,0,0,0
21500,0,1,0,0,0,0,0
21525,0,1,0,0,0,0,0
21550,0,1,0,0,0,0,0
21575,0,1,0,0,0,0,0
21600,0,1,0,0,0,0,0
21625,0,1,0,0,0,0,0
21650,0,1,0,0,0,0,0
21675,0,1,0,0,0,0,0
21700,0,1,0,0,0,0,0
21725,0,1,0,0,0,0,0
21750,0,1,0,0,0,0,0
21775,0,1,0,0,0,0,0
21800,0,1,0,0,0,0,0
21825,0,1,0,0,0,0,0
21850,0,1,0,0,0,0,0
21875,0,1,0,0,0,0,0
21900,0,1,0,0,0,0,0
21925,0,1,0,0,0,0,0
21950,0,1,0,0,0,0,0
21975,0,1,0,0,0,0,0
22000,0,0,0,0,1,0,0
22025,0,0,0,0,1,0,0
22050,0,0,0,0,1,0,0
22075,0,0,0,0,1,0,0
22100,0,0,0,0,1,0,0
22125,0,0,0,0,1,0,0
22150,0,0,0,0,1,0,0
22175,0,0,0,0,1,0,0
22200,0,0,0,0,1,0,0
22225,0,0,0,0,1,0,0
22250,0,0,0,0,1,0,0
22275,0,0,0,0,1,0,0
22300,0,0,0,0,1,0,0
22325,0,0,0,0,1,0,0
22350,0,0,0,0,1,0,0
22375,0,0,0,0,1,0,0
22400,0,0,0,0,1,0,0
22425,0,0,0,0,1,0,0
22450,0,0,0,0,1,0,0
22475,0,0,0,0,1,0,0
22500,0,0,0,0,1,0,0
22525,0,0,0,0,1,0,0
22550,0,0,0,0,1,0,0
22575,0,0,0,0,1,0,0
22600,0,0,0,0,1,0,0
22625,0,0,0,0,1,0,0
22650,1,0,0,0,0,0,0
22675,1,0,0,0,0,0,0
22700,1,0,0,0,0,0,0
22725,1,0,0,0,0,0,0
22750,1,0,0,0,0,0,0
22775,1,0,0,0,0,0,0
22800,1,0,0,0,0,0,0
22825,1,0,0,0,0,0,0
22850,1,0,0,0,0,0,0
22875,1,0,0,0,0,0,0
22900,1,0,0,0,0,0,0
22925,1,0,0,0,0,0,0
22950,1,0,0,0,0,0,0
22975,1,0,0,0,0,0,0
23000,1,0,0,0,0,0,0
23025,1,0,0,0,0,0,0
23050,1,0,0,0,0,0,0
23075,1,0,0,0,0,0,0
23100,1,0,0,0,0,0,0
23125,1,0,0,0,0,0,0
23150,1,0,0,0,0,0,0
23175,1,0,0,0,0,0,0
23200,1,0,0,0,0,0,0
23225,1,0,0,0,0,0,0
23250,1,0,0,0,0,0,0
23275,1,0,0,0,0,0,0
23300,1,0,0,0,0,0,0
23325,1,0,0,0,0,0,0
23350,1,0,0,0,0,0,0
23375,1,0,0,0,0,0,0
23400,1,0,0,0,0,0,0
23425,1,0,0,0,0,0,0
23450,1,0,0,0,0,0,0
23475,1,0,0,0,0,0,0
23500,1,0,0,0,0,0,0
23525,0,0,0,0,1,0,0
23550,0,0,0,0,1,0,0
23575,0,0,0,0,1,0,0
23600,0,0,0,0,1,0,0
23625,0,0,0,0,1,0,0
23650,0,0,0,0,1,0,0
23675,0,0,0,0,1,0,0
23700,0,0,0,0,1,0,0
23725,0,0,0,0,1,0,0
23750,0,0,0,0,1,0,0
23775,0,0,0,0,1,0,0
23800,0,0,0,0,1,0,0
23825,0,0,0,0,1,0,0
23850,0,0,0,0,1,0,0
23875,0,0,0,0,1,0,0
23900,0,0,0,0,1,0,0
23925,0,0,0,0,1,0,0
23950,0,0,0,0,1,0,0
23975,0,0,0,0,1,0,0
24000,0,0,0,0,1,0,0
24025,0,0,0,0,1,0,0
24050,0,0,0,0,1,0,0
24075,0,0,0,0,1,0,0
24100,0,0,0,0,1,0,0
24125,0,0,0,0,1,0,0
24150,0,0,0,0,1,0,0
24175,0,0,0,0,1,0,0
24200,0,0,0,0,1,0,0
24225,0,0,0,0,1,0,0
24250,0,0,0,0,1,0,0
24275,0,0,0,0,1,0,0
24300,0,0,0,0,1,0,0
24325,1,0,0,0,1,0,0
24350,1,0,0,0,1,0,0
24375,1,0,0,0,1,0,0
24400,1,0,0,0,1,0,0
24425,1,0,0,0,1,0,0
24450,1,0,0,0,1,0,0
24475,1,0,0,0,1,0,0
24500,1,0,0,0,1,0,0
24525,1,0,0,0,1,0,0
24550,1,0,0,0,1,0,0
24575,1,0,0,0,1,0,0
24600,1,0,0,0,1,0,0
24625,1,0,0,0,1,0,0
24650,1,0,0,0,1,0,0
24675,1,0,0,0,1,0,0
24700,1,0,0,0,1,0,0
24725,1,0,0,0,1,0,0
24750,1,0,0,0,1,0,0
24775,1,0,0,0,1,0,0
24800,1,0,0,0,1,0,0
24825,1,0,0,0,1,0,0
24850,1,0,0,0,1,0,0
24875,1,0,0,0,1,0,0
24900,1,0,0,0,1,0,0
24925,1,0,0,0,0,0,0
24950,1,0,0,0,0,0,0
24975,1,0,0,0,0,0,0
25000,1,0,0,0,0,0,0
25025,1,0,0,0,0,0,0
25050,1,0,0,0,0,0,0
25075,1,0,0,0,0,0,0
25100,1,0,0,0,0,0,0
25125,1,0,0,0,0,0,0
25150,1,0,0,0,0,0,0
25175,1,0,0,0,0,0,0
25200,1,0,0,0,0,0,0
25225,1,0,0,0,0,0,0
25250,1,0,0,0,0,0,0
25275,1,0,0,0,0,0,0
25300,1,0,0,0,0,0,0
25325,1,0,0,0,0,0,0
25350,1,0,0,0,0,0,0
25375,1,0,0,0,0,0,0
25400,1,0,0,0,0,0,0
25425,1,0,0,0,0,0,0
25450,1,0,0,0,0,0,0
25475,1,0,0,0,0,0,0
25500,1,0,0,0,0,0,0
25525,1,0,0,0,0,0,0
25550,1,0,0,0,0,0,0
25575,1,0,0,0,0,0,0
25600,1,0,0,0,0,0,0
25625,1,0,0,0,0,0,0
25650,1,0,0,0,0,0,0
25675,1,0,0,0,0,0,0
25700,1,0,0,0,0,0,0
25725,0,0,1,0,0,0,0
25750,0,0,1,0,0,0,0
25775,0,0,1,0,0,0,0
25800,0,0,1,0,0,0,0
25825,0,0,1,0,0,0,0
25850,0,0,1,0,0,0,0
25875,0,0,1,0,0,0,0
25900,0,0,1,0,0,0,0
25925,0,0,1,0,0,0,0
25950,0,0,1,0,0,0,0
25975,0,0,1,0,0,0,0
26000,0,0,1,0,0,0,0
26025,0,0,1,0,0,0,0
26050,0,0,1,0,0,0,0
26075,0,0,1,0,0,0,0
26100,0,0,1,0,0,0,0
26125,0,0,1,0,0,0,0
26150,0,0,1,0,0,0,0
26175,0,0,1,0,0,0,0
26200,0,0,1,0,0,0,0
26225,0,0,1,0,0,0,0
26250,0,0,1,0,0,0,0
26275,0,0,1,0,0,0,0
26300,0,0,1,0,0,0,0
26325,0,0,1,0,0,0,0
26350,0,0,1,0,0,0,0
26375,0,0,1,0,0,0,0
26400,0,0,1,0,0,0,0
26425,0,0,1,0,0,0,0
26450,0,0,1,0,0,0,0
26475,0,0,1,0,0,0,0
26500,0,0,1,0,0,0,0
26525,0,0,1,0,0,0,0
26550,0,0,1,0,0,0,0
26575,0,0,1,0,0,0,0
26600,0,0,1,0,0,0,0
26625,0,0,1,0,0,0,0
26650,0,0,1,0,0,0,0
26675,0,0,1,0,0,0,0
26700,0,0,1,0,0,0,0
26725,0,0,1,0,0,0,0
26750,0,0,1,0,0,0,0
26775,0,0,1,0,0,0,0
26800,0,0,1,0,0,0,0
26825,1,0,1,0,0,0,0
26850,1,0,1,0,0,0,0
26875,1,0,1,0,0,0,0
26900,1,0,1,0,0,0,0
26925,1,0,1,0,0,0,0
26950,1,0,1,0,0,0,0
26975,1,0,1,0,0,0,0
27000,1,0,1,0,0,0,0
27025,1,0,1,0,0,0,0
27050,1,0,1,0,0,0,0
27075,1,0,1,0,0,0,0
27100,1,0,1,0,0,0,0
27125,1,0,1,0,0,0,0
27150,1,0,1,0,0,0,0
27175,1,0,1,0,0,0,0
27200,1,0,1,0,0,0,0
27225,1,0,1,0,0,0,0
27250,1,0,1,0,0,0,0
27275,1,0,1,0,0,0,0
27300,1,0,1,0,0,0,0
27325,1,0,1,0,0,0,0
27350,1,0,1,0,0,0,0
27375,1,0,1,0,0,0,0
27400,1,0,1,0,0,0,0
27425,1,0,1,0,0,0,0
27450,1,0,1,0,0,0,0
27475,1,0,1,0,0,0,0
27500,1,0,1,0,0,0,0
27525,1,0,1,0,0,0,0
27550,1,0,1,0,0,0,0
27575,1,0,1,0,0,0,0
27600,1,0,1,0,0,0,0
27625,1,0,1,0,0,0,0
27650,1,0,1,0,0,0,0
27675,1,0,1,0,0,0,0
27700,1,0,1,0,0,0,0
27725,1,0,1,0,0,0,0
27750,1,0,1,0,0,0,0
27775,1,0,1,0,0,0,0
27800,1,0,1,0,0,0,0
27825,1,0,1,0,0,0,0
27850,1,0,1,0,0,0,0
27875,1,0,1,0,0,0,0
27900,1,0,1,0,0,0,0
27925,1,0,1,0,0,0,0
27950,1,0,1,0,0,0,0
27975,1,0,1,0,0,0,0
28000,1,0,1,0,0,0,0
28025,1,0,1,0,0,0,0
28050,1,0,1,0,0,0,0
28075,1,0,1,0,0,0,0
28100,1,0,0,0,0,0,0
28125,1,0,0,0,0,0,0
28150,1,0,0,0,0,0,0
28175,1,0,0,0,0,0,0
28200,1,0,0,0,0,0,0
28225,1,0,0,0,0,0,0
28250,1,0,0,0,0,0,0
28275,1,0,0,0,0,0,0
28300,1,0,0,0,0,0,0
28325,1,0,0,0,0,0,0
28350,1,0,0,0,0,0,0
28375,1,0,0,0,0,0,0
28400,1,0,0,0,0,0,0
28425,1,0,0,0,0,0,0
28450,1,0,0,0,0,0,0
28475,1,0,0,0,0,0,0
28500,1,0,0,0,0,0,0
28525,1,0,0,0,0,0,0
28550,1,0,0,0,0,0,0
28575,1,0,0,0,0,0,0
28600,1,0,0,0,0,0,0
28625,1,0,0,0,0,0,0
28650,0,0,1,0,0,0,0
28675,0,0,1,0,0,0,0
28700,0,0,1,0,0,0,0
28725,0,0,1,0,0,0,0
28750,0,0,1,0,0,0,0
28775,0,0,1,0,0,0,0
28800,0,0,1,0,0,0,0
28825,0,0,1,0,0,0,0
28850,0,0,1,0,0,0,0
28875,0,0,1,0,0,0,0
28900,0,0,1,0,0,0,0
28925,0,0,1,0,0,0,0
28950,0,0,1,0,0,0,0
28975,0,0,1,0,0,0,0
29000,0,0,1,0,0,0,0
29025,0,0,1,0,0,0,0
29050,0,0,1,0,0,0,0
29075,0,0,1,0,0,0,0
29100,0,0,1,0,0,0,0
29125,0,0,1,0,0,0,0
29150,0,0,1,0,0,0,0
29175,0,0,1,0,0,0,0
29200,0,0,1,0,0,0,0
29225,0,0,1,0,0,0,0
29250,0,0,1,0,0,0,0
29275,0,0,1,0,0,0,0
29300,0,0,1,0,0,0,0
29325,0,0,1,0,0,0,0
29350,0,0,1,0,0,0,0
29375,0,0,0,0,0,1,0
29400,0,0,0,0,0,1,0
29425,0,0,0,0,0,1,0
29450,0,0,0,0,0,1,0
29475,0,0,0,0,0,1,0
29500,0,0,0,0,0,1,0
29525,0,0,0,0,0,1,0
29550,0,0,0,0,0,1,0
29575,0,0,0,0,0,1,0
29600,0,0,0,0,0,1,0
29625,0,0,0,0,0,1,0
29650,0,0,0,0,0,1,0
29675,0,0,0,0,0,1,0
29700,0,0,0,0,0,1,0
29725,0,0,0,0,0,1,0
29750,0,0,0,0,0,1,0
29775,0,0,1,0,0,0,0
29800,0,0,1,0,0,0,0
29825,0,0,1,0,0,0,0
29850,0,0,1,0,0,0,0
29875,0,0,1,0,0,0,0
29900,0,0,1,0,0,0,0
29925,0,0,1,0,0,0,0
29950,0,0,1,0,0,0,0
29975,0,0,1,0,0,0,0
30000,0,0,1,0,0,0,0
30025,0,0,1,0,0,0,0
30050,0,0,1,0,0,0,0
30075,0,0,1,0,0,0,0
30100,0,0,1,0,0,0,0
30125,0,0,1,0,0,0,0
30150,0,0,1,0,0,0,0
30175,0,0,1,0,0,0,0
30200,0,0,1,0,0,0,0
30225,0,0,1,0,0,0,0
30250,0,0,1,0,0,0,0
30275,0,0,1,0,0,0,0
30300,0,0,1,0,0,0,0
30325,0,0,1,0,0,0,0
30350,0,0,1,0,0,0,0
30375,0,0,1,0,0,0,0
30400,0,0,1,0,0,0,0
30425,0,0,1,0,0,0,0
30450,0,0,1,0,0,0,0
30475,0,0,1,0,0,0,0
30500,0,0,1,0,0,0,0
30525,0,0,1,0,0,0,0
30550,1,0,1,0,0,0,0
30575,1,0,1,0,0,0,0
30600,1,0,1,0,0,0,0
30625,1,0,1,0,0,0,0
30650,1,0,1,0,0,0,0
30675,1,0,1,0,0,0,0
30700,1,0,1,0,0,0,0
30725,1,0,1,0,0,0,0
30750,1,0,1,0,0,0,0
30775,1,0,1,0,0,0,0
30800,1,0,1,0,0,0,0
30825,1,0,1,0,0,0,0
30850,1,0,1,0,0,0,0
30875,1,0,1,0,0,0,0
30900,1,0,1,0,0,0,0
30925,1,0,1,0,0,0,0
30950,1,0,1,0,0,0,0
30975,1,0,1,0,0,0,0
31000,1,0,1,0,0,0,0
31025,1,0,1,0,0,0,0
31050,1,0,1,0,0,0,0
31075,1,0,1,0,0,0,0
31100,1,0,1,0,0,0,0
31125,1,0,1,0,0,0,0
31150,0,0,1,0,0,0,0
31175,0,0,1,0,0,0,0
31200,0,0,1,0,0,0,0
31225,0,0,1,0,0,0,0
31250,0,0,1,0,0,0,0
31275,0,0,1,0,0,0,0
31300,0,0,1,0,0,0,0
31325,0,0,1,0,0,0,0
31350,0,0,1,0,0,0,0
31375,0,0,1,0,0,0,0
31400,0,0,1,0,0,0,0
31425,0,0,1,0,0,0,0
31450,0,0,1,0,0,0,0
31475,0,0,1,0,0,0,0
31500,0,0,1,0,0,0,0
31525,0,0,1,0,0,0,0
31550,0,0,1,0,0,0,0
31575,0,0,1,0,0,0,0
31600,0,0,1,0,0,0,0
31625,0,0,1,0,0,0,0
31650,0,0,1,0,0,0,0
31675,0,0,1,0,0,0,0
31700,0,0,1,0,0,0,0
31725,0,0,1,0,0,0,0
31750,0,0,1,0,0,0,0
31775,0,0,1,0,0,0,0
31800,0,0,1,0,0,0,0
31825,0,0,1,0,0,0,0
31850,0,0,1,0,0,0,0
31875,0,0,1,0,0,0,0
31900,1,0,1,0,0,0,0
31925,1,0,1,0,0,0,0
31950,1,0,1,0,0,0,0
31975,1,0,1,0,0,0,0
32000,1,0,1,0,0,0,0
32025,1,0,1,0,0,0,0
32050,1,0,1,0,0,0,0
32075,1,0,1,0,0,0,0
32100,1,0,1,0,0,0,0
32125,1,0,1,0,0,0,0
32150,1,0,1,0,0,0,0
32175,1,0,1,0,0,0,0
32200,1,0,1,0,0,0,0
32225,1,0,1,0,0,0,0
32250,1,0,1,0,0,0,0
32275,1,0,1,0,0,0,0
32300,1,0,1,0,0,0,0
32325,1,0,1,0,0,0,0
32350,1,0,1,0,0,0,0
32375,1,0,1,0,0,0,0
32400,1,0,1,0,0,0,0
32425,1,0,1,0,0,0,0
32450,1,0,1,0,0,0,0
32475,1,0,1,0,0,0,0
32500,1,0,1,0,0,0,0
32525,1,0,1,0,0,0,0
32550,0,0,0,0,0,0,0
32575,0,0,0,0,0,0,0
32600,0,0,0,0,0,0,0
32625,0,0,0,0,0,0,0
32650,0,0,0,0,0,0,0
32675,0,0,0,0,0,0,0
32700,0,0,0,0,0,0,0
32725,0,0,0,0,0,0,0
32750,0,0,0,0,0,0,0
32775,0,0,0,0,0,0,0
32800,0,0,0,0,0,0,0
32825,0,0,0,0,0,0,0
32850,0,0,0,0,0,0,0
32875,0,0,0,0,0,0,0
32900,0,0,0,0,0,0,0
32925,0,0,0,0,0,0,0
32950,0,0,0,0,0,0,0
32975,0,0,0,0,0,0,0
33000,0,0,0,0,0,0,0
33025,0,0,0,0,0,0,0
33050,0,0,0,0,0,0,0
33075,0,0,0,0,0,0,0
33100,0,0,0,0,0,0,0
33125,0,0,0,0,0,0,0
33150,0,0,0,0,0,0,0
33175,0,0,0,0,0,0,0
33200,0,0,0,0,0,0,0
33225,0,0,0,0,0,0,0
33250,0,0,0,0,0,0,0
33275,0,0,0,0,0,0,0
33300,0,0,0,0,0,0,0
33325,0,0,0,0,0,0,0
33350,0,0,0,0,0,0,0
33375,0,0,0,0,0,0,0
33400,0,0,0,0,0,0,0
33425,0,0,0,0,0,0,0
33450,0,0,0,0,0,0,0
33475,0,0,0,0,0,0,0
33500,0,0,0,0,0,0,0
33525,0,0,0,0,0,0,0
33550,0,0,0,0,0,0,0
33575,0,0,0,0,0,0,0
33600,0,0,0,0,0,0,0
33625,0,0,1,0,0,0,0
33650,0,0,1,0,0,0,0
33675,0,0,1,0,0,0,0
33700,0,0,1,0,0,0,0
33725,0,0,1,0,0,0,0
33750,0,0,1,0,0,0,0
33775,0,0,1,0,0,0,0
33800,0,0,1,0,0,0,0
33825,0,0,1,0,0,0,0
33850,0,0,1,0,0,0,0
33875,0,0,1,0,0,0,0
33900,0,0,1,0,0,0,0
33925,0,0,1,0,0,0,0
33950,0,0,1,0,0,0,0
33975,0,0,1,0,0,0,0
34000,0,0,1,0,0,0,0
34025,0,0,1,0,0,0,0
34050,0,0,1,0,0,0,0
34075,0,0,1,0,0,0,0
34100,0,0,1,0,0,0,0
34125,0,0,1,0,0,0,0
34150,0,0,1,0,0,0,0
34175,0,0,1,0,0,0,0
34200,0,0,1,0,0,0,0
34225,0,0,1,0,0,0,0
34250,0,0,1,0,0,0,0
34275,0,0,1,0,0,0,0
34300,0,0,1,0,0,0,0
34325,0,0,1,0,0,0,0
34350,0,0,1,0,0,0,0
34375,0,0,1,0,0,0,0
34400,0,0,1,0,0,0,0
34425,0,0,1,0,0,0,0
34450,0,0,1,0,0,0,0
34475,0,0,1,0,0,0,0
34500,0,0,1,0,0,0,0
34525,0,0,1,0,0,0,0
34550,0,0,1,0,0,0,0
34575,0,0,1,0,0,0,0
34600,0,0,1,0,0,0,0
34625,0,0,1,0,0,0,0
34650,0,0,1,0,0,0,0
34675,0,0,1,0,0,0,0
34700,0,0,1,0,0,0,0
34725,0,0,1,0,0,0,0
34750,0,0,1,0,0,0,0
34775,0,0,1,0,0,0,0
34800,0,0,1,0,0,0,0
34825,0,0,1,0,0,0,0
34850,0,0,1,0,0,0,0
34875,0,0,1,0,0,0,0
34900,0,0,1,0,0,0,0
34925,0,0,1,0,0,0,0
34950,0,0,1,0,0,0,0
34975,0,0,1,0,0,0,0
35000,0,0,1,0,0,0,0
35025,0,0,1,0,0,0,0
35050,0,0,1,0,0,0,0
35075,0,0,1,0,0,0,0
35100,0,0,1,0,0,0,0
35125,0,0,1,0,0,0,0
35150,0,0,1,0,0,0,0
35175,1,0,1,0,0,0,0
35200,1,0,1,0,0,0,0
35225,1,0,1,0,0,0,0
35250,1,0,1,0,0,0,0
35275,1,0,1,0,0,0,0
35300,1,0,1,0,0,0,0
35325,1,0,1,0,0,0,0
35350,1,0,1,0,0,0,0
35375,1,0,1,0,0,0,0
35400,1,0,1,0,0,0,0
35425,1,0,1,0,0,0,0
35450,1,0,1,0,0,0,0
35475,1,0,1,0,0,0,0
35500,1,0,1,0,0,0,0
35525,1,0,1,0,0,0,0
35550,1,0,1,0,0,0,0
35575,1,0,1,0,0,0,0
35600,1,0,1,0,0,0,0
35625,1,0,1,0,0,0,0
35650,1,0,1,0,0,0,0
35675,1,0,1,0,0,0,0
35700,1,0,1,0,0,0,0
35725,1,0,1,0,0,0,0
35750,1,0,1,0,0,0,0
35775,1,0,1,0,0,0,0
35800,1,0,1,0,0,0,0
35825,1,0,1,0,0,0,0
35850,1,0,1,0,0,0,0
35875,1,0,1,0,0,0,0
35900,1,0,1,0,0,0,0
35925,1,0,1,0,0,0,0
35950,1,0,1,0,0,0,0
35975,1,0,1,0,0,0,0
36000,1,0,1,0,0,0,0
36025,1,0,1,0,0,0,0
36050,1,0,1,0,0,0,0
36075,1,0,1,0,0,0,0
36100,1,0,1,0,0,0,0
36125,1,0,1,0,0,0,0
36150,1,0,1,0,0,0,0
36175,1,0,1,0,0,0,0
36200,1,0,1,0,0,0,0
36225,1,0,1,0,0,0,0
36250,1,0,1,0,0,0,0
36275,1,0,1,0,0,0,0
36300,1,0,1,0,0,0,0
36325,1,0,1,0,0,0,0
36350,1,0,1,0,0,0,0
36375,1,0,1,0,0,0,0
36400,1,0,1,0,0,0,0
36425,1,0,1,0,0,0,0
36450,1,0,1,0,0,0,0
36475,1,0,1,0,0,0,0
36500,1,0,1,0,0,0,0
36525,1,0,1,0,0,0,0
36550,1,0,1,0,0,0,0
36575,1,0,1,0,0,0,0
36600,1,0,1,0,0,0,0
36625,1,0,1,0,0,0,0
36650,1,0,1,0,0,0,0
36675,1,0,1,0,0,0,0
36700,1,0,1,0,0,0,0
36725,1,0,1,0,0,0,0
36750,0,0,1,0,0,0,0
36775,0,0,1,0,0,0,0
36800,0,0,1,0,0,0,0
36825,0,0,1,0,0,0,0
36850,0,0,1,0,0,0,0
36875,0,0,1,0,0,0,0
36900,0,0,1,0,0,0,0
36925,0,0,1,0,0,0,0
36950,0,0,1,0,0,0,0
36975,0,0,1,0,0,0,0
37000,0,0,1,0,0,0,0
37025,0,0,1,0,0,0,0
37050,0,0,1,0,0,0,0
37075,0,0,1,0,0,0,0
37100,0,0,1,0,0,0,0
37125,0,0,1,0,0,0,0
37150,0,0,1,0,0,0,0
37175,0,0,1,0,0,0,0
37200,0,0,1,0,0,0,0
37225,0,0,1,0,0,0,0
37250,0,0,1,0,0,0,0
37275,0,0,1,0,0,0,0
37300,0,0,1,0,0,0,0
37325,0,0,1,0,0,0,0
37350,0,0,1,0,0,0,0
37375,0,0,1,0,0,0,0
37400,0,0,1,0,0,0,0
37425,0,0,1,0,0,0,0
37450,0,0,1,0,0,0,0
37475,0,0,1,0,0,0,0
37500,0,0,1,0,0,0,0
37525,0,0,1,0,0,0,0
37550,0,0,1,0,0,0,0
37575,0,0,1,0,0,0,0
37600,0,0,1,0,0,0,0
37625,0,0,1,0,0,0,0
37650,1,0,1,0,0,0,0
37675,1,0,1,0,0,0,0
37700,1,0,1,0,0,0,0
37725,1,0,1,0,0,0,0
37750,1,0,1,0,0,0,0
37775,1,0,1,0,0,0,0
37800,1,0,1,0,0,0,0
37825,1,0,1,0,0,0,0
37850,1,0,1,0,0,0,0
37875,1,0,1,0,0,0,0
37900,1,0,1,0,0,0,0
37925,1,0,1,0,0,0,0
37950,1,0,1,0,0,0,0
37975,1,0,1,0,0,0,0
38000,1,0,1,0,0,0,0
38025,1,0,1,0,0,0,0
38050,1,0,1,0,0,0,0
38075,1,0,1,0,0,0,0
38100,1,0,1,0,0,0,0
38125,1,0,1,0,0,0,0
38150,1,0,1,0,0,0,0
38175,1,0,1,0,0,0,0
38200,1,0,1,0,0,0,0
38225,1,0,1,0,0,0,0
38250,1,0,1,0,0,0,0
38275,1,0,1,0,0,0,0
38300,1,0,1,0,0,0,0
38325,1,0,1,0,0,0,0
38350,1,0,1,0,0,0,0
38375,1,0,1,0,0,0,0
38400,1,0,1,0,0,0,0
38425,1,0,1,0,0,0,0
38450,1,0,1,0,0,0,0
38475,0,0,0,0,0,0,0
38500,0,0,0,0,0,0,0
38525,0,0,0,0,0,0,0
38550,0,0,0,0,0,0,0
38575,0,0,0,0,0,0,0
38600,0,0,0,0,0,0,0
38625,0,0,0,0,0,0,0
38650,0,0,0,0,0,0,0
38675,0,0,0,0,0,0,0
38700,0,0,0,0,0,0,0
38725,0,0,0,0,0,0,0
38750,0,0,0,0,0,0,0
38775,0,0,0,0,0,0,0
38800,0,0,0,0,0,0,0
38825,0,0,0,0,0,0,0
38850,0,0,0,0,0,0,0
38875,0,0,0,0,0,0,0
38900,0,0,0,0,0,0,0
38925,0,0,0,0,0,0,0
38950,0,0,0,0,0,0,0
38975,0,0,0,0,0,0,0
39000,0,0,0,0,0,0,0
39025,0,0,0,0,0,0,0
39050,0,0,1,0,0,0,0
39075,0,0,1,0,0,0,0
39100,0,0,1,0,0,0,0
39125,0,0,1,0,0,0,0
39150,0,0,1,0,0,0,0
39175,0,0,1,0,0,0,0
39200,0,0,1,0,0,0,0
39225,0,0,1,0,0,0,0
39250,0,0,1,0,0,0,0
39275,0,0,1,0,0,0,0
39300,0,0,1,0,0,0,0
39325,0,0,1,0,0,0,0
39350,0,0,1,0,0,0,0
39375,0,0,1,0,0,0,0
39400,0,0,1,0,0,0,0
39425,0,0,1,0,0,0,0
39450,0,0,1,0,0,0,0
39475,0,0,1,0,0,0,0
39500,0,0,1,0,0,0,0
39525,0,0,1,0,0,0,0
39550,0,0,1,0,0,0,0
39575,0,0,1,0,0,0,0
39600,0,0,1,0,0,0,0
39625,0,0,1,0,0,0,0
39650,0,0,1,0,0,0,0
39675,1,0,1,0,0,0,0
39700,1,0,1,0,0,0,0
39725,1,0,1,0,0,0,0
39750,1,0,1,0,0,0,0
39775,1,0,1,0,0,0,0
39800,1,0,1,0,0,0,0
39825,1,0,1,0,0,0,0
39850,1,0,1,0,0,0,0
39875,1,0,1,0,0,0,0
39900,1,0,1,0,0,0,0
39925,1,0,1,0,0,0,0
39950,1,0,1,0,0,0,0
39975,1,0,1,0,0,0,0
40000,1,0,1,0,0,0,0
40025,1,0,1,0,0,0,0
40050,1,0,1,0,0,0,0
40075,1,0,1,0,0,0,0
40100,1,0,1,0,0,0,0
40125,1,0,1,0,0,0,0
40150,1,0,1,0,0,0,0
40175,1,0,1,0,0,0,0
40200,1,0,1,0,0,0,0
40225,1,0,1,0,0,0,0
40250,1,0,1,0,0,0,0
40275,1,0,1,0,0,0,0
40300,1,0,1,0,0,0,0
40325,1,0,1,0,0,0,0
40350,1,0,1,0,0,0,0
40375,1,0,1,0,0,0,0
40400,1,0,1,0,0,0,0
40425,1,0,1,0,0,0,0
40450,1,0,1,0,0,0,0
40475,1,0,1,0,0,0,0
40500,0,0,1,0,0,0,0
40525,0,0,1,0,0,0,0
40550,0,0,1,0,0,0,0
40575,0,0,1,0,0,0,0
40600,0,0,1,0,0,0,0
40625,0,0,1,0,0,0,0
40650,0,0,1,0,0,0,0
40675,0,0,1,0,0,0,0
40700,0,0,1,0,0,0,0
40725,0,0,1,0,0,0,0
40750,0,0,1,0,0,0,0
40775,0,0,1,0,0,0,0
40800,0,0,1,0,0,0,0
40825,0,0,1,0,0,0,0
40850,0,0,1,0,0,0,0
40875,0,0,1,0,0,0,0
40900,0,0,1,0,0,0,0
40925,0,0,1,0,0,0,0
40950,0,0,1,0,0,0,0
40975,0,0,1,0,0,0,0
41000,0,0,1,0,0,0,0
41025,0,0,1,0,0,0,0
41050,0,0,1,0,0,0,0
41075,0,0,1,0,0,0,0
41100,0,0,1,0,0,0,0
41125,0,0,1,0,0,0,0
41150,0,0,1,0,0,0,0
41175,0,0,1,0,0,0,0
41200,0,0,1,0,0,0,0
41225,1,0,1,0,0,0,0
41250,1,0,1,0,0,0,0
41275,1,0,1,0,0,0,0
41300,1,0,1,0,0,0,0
41325,1,0,1,0,0,0,0
41350,1,0,1,0,0,0,0
41375,1,0,1,0,0,0,0
41400,1,0,1,0,0,0,0
41425,1,0,1,0,0,0,0
41450,1,0,1,0,0,0,0
41475,1,0,1,0,0,0,0
41500,1,0,1,0,0,0,0
41525,1,0,1,0,0,0,0
41550,1,0,1,0,0,0,0
41575,1,0,1,0,0,0,0
41600,1,0,1,0,0,0,0
41625,1,0,1,0,0,0,0
41650,1,0,1,0,0,0,0
41675,1,0,1,0,0,0,0
41700,1,0,1,0,0,0,0
41725,1,0,1,0,0,0,0
41750,1,0,1,0,0,0,0
41775,1,0,1,0,0,0,0
41800,1,0,1,0,0,0,0
41825,1,0,1,0,0,0,0
41850,1,0,1,0,0,0,0
41875,1,0,1,0,0,0,0
41900,1,0,1,0,0,0,0
41925,1,0,1,0,0,0,0
41950,1,0,1,0,0,0,0
41975,1,0,1,0,0,0,0
42000,1,0,1,0,0,0,0
42025,1,0,1,0,0,0,0
42050,1,0,1,0,0,0,0
42075,1,0,0,0,0,0,1
42100,1,0,0,0,0,0,1
42125,1,0,0,0,0,0,1
42150,1,0,0,0,0,0,1
42175,1,0,0,0,0,0,1
42200,1,0,0,0,0,0,1
42225,1,0,0,0,0,0,1
42250,1,0,0,0,0,0,1
42275,1,0,0,0,0,0,1
42300,1,0,0,0,0,0,1
42325,1,0,0,0,0,0,1
42350,1,0,0,0,0,0,1
42375,1,0,0,0,0,0,1
42400,1,0,0,0,0,0,1
42425,1,0,0,0,0,0,1
42450,1,0,0,0,0,0,1
42475,1,0,0,0,0,0,1
42500,1,0,0,0,0,0,1
42525,1,0,0,0,0,0,1
42550,1,0,0,0,0,0,1
42575,1,0,0,0,0,0,1
42600,1,0,0,0,0,0,1
42625,1,0,0,0,0,0,1
42650,1,0,0,0,0,0,1
42675,1,0,0,0,0,0,1
42700,1,0,0,0,0,0,1
42725,1,0,0,0,0,0,1
42750,1,0,0,0,0,0,1
42775,1,0,0,0,0,0,1
42800,1,0,0,0,0,0,1
42825,1,0,0,0,0,0,1
42850,1,0,0,0,0,0,1
42875,1,0,0,0,0,0,1
42900,1,0,0,0,0,0,1
42925,1,0,0,0,0,0,1
42950,1,0,0,0,0,0,1
42975,1,0,0,0,0,0,1
43000,1,0,0,0,0,0,1
43025,1,0,0,0,0,0,1
43050,1,0,0,0,0,0,1
43075,1,0,0,0,0,0,1
43100,1,0,0,0,0,0,1
43125,1,0,0,0,0,0,1
43150,1,0,0,0,0,0,1
43175,1,0,0,0,0,0,1
43200,1,0,0,0,0,0,1
43225,1,0,0,0,0,0,1
43250,1,0,0,0,0,0,1
43275,1,0,0,0,0,0,1
43300,1,0,0,0,0,0,1
43325,1,0,0,0,0,0,1
43350,1,0,0,0,0,0,1
43375,1,0,0,0,0,0,1
43400,1,0,0,0,0,0,1
43425,1,0,0,0,0,0,1
43450,1,0,0,0,0,0,1
43475,1,0,0,0,0,0,1
43500,1,0,0,0,0,0,1
43525,1,0,0,0,0,0,1
43550,1,0,0,0,0,1,1
43575,1,0,0,0,0,1,1
43600,1,0,0,0,0,1,1
43625,1,0,0,0,0,1,1
43650,1,0,0,0,0,1,1
43675,1,0,0,0,0,1,1
43700,1,0,0,0,0,1,1
43725,1,0,0,0,0,1,1
43750,1,0,0,0,0,1,1
43775,1,0,0,0,0,1,1
43800,1,0,0,0,0,1,1
43825,1,0,0,0,0,1,1
43850,1,0,0,0,0,1,1
43875,1,0,0,0,0,1,1
43900,1,0,0,0,0,1,1
43925,1,0,0,0,0,1,1
43950,1,0,0,0,0,1,1
43975,1,0,0,0,0,1,1
44000,1,0,0,0,0,1,1
44025,1,0,0,0,0,1,1
44050,1,0,0,0,0,1,1
44075,1,0,0,0,0,1,1
44100,1,0,0,0,0,1,1
44125,1,0,0,0,0,1,1
44150,1,0,0,0,0,1,1
44175,1,0,0,0,0,1,1
44200,1,0,0,0,0,1,1
44225,1,0,0,0,0,1,1
44250,1,0,0,0,0,1,1
44275,1,0,0,0,0,1,1
44300,1,0,0,0,0,1,1
44325,1,1,0,0,0,0,0
44350,1,1,0,0,0,0,0
44375,1,1,0,0,0,0,0
44400,1,1,0,0,0,0,0
44425,1,1,0,0,0,0,0
44450,1,1,0,0,0,0,0
44475,1,1,0,0,0,0,0
44500,1,1,0,0,0,0,0
44525,1,1,0,0,0,0,0
44550,1,1,0,0,0,0,0
44575,1,1,0,0,0,0,0
44600,1,1,0,0,0,0,0
44625,1,1,0,0,0,0,0
44650,1,1,0,0,0,0,0
44675,1,1,0,0,0,0,0
44700,1,1,0,0,0,0,0
44725,1,1,0,0,0,0,0
44750,1,1,0,0,0,0,0
44775,1,1,0,0,0,0,0
44800,1,1,0,0,0,0,0
44825,1,1,0,0,0,0,0
44850,1,1,0,0,0,0,0
44875,1,1,0,0,0,0,0
44900,1,1,0,0,0,0,0
44925,1,1,0,0,0,0,0
44950,1,1,0,0,0,0,0
44975,1,1,0,0,0,0,0
45000,1,1,0,0,0,0,0
45025,1,1,0,0,0,0,0
45050,1,1,0,0,0,0,0
45075,1,1,0,0,0,0,0
45100,1,1,0,0,0,0,0
45125,1,1,0,0,0,0,0
45150,1,1,0,0,0,0,0
45175,1,1,0,0,0,0,0
45200,0,1,0,0,0,0,1
45225,0,1,0,0,0,0,1
45250,0,1,0,0,0,0,1
45275,0,1,0,0,0,0,1
45300,0,1,0,0,0,0,1
45325,0,1,0,0,0,0,1
45350,0,1,0,0,0,0,1
45375,0,1,0,0,0,0,1
45400,0,1,0,0,0,0,1
45425,0,1,0,0,0,0,1
45450,0,1,0,0,0,0,1
45475,0,1,0,0,0,0,1
45500,0,1,0,0,0,0,1
45525,0,1,0,0,0,0,1
45550,0,1,0,0,0,0,1
45575,0,1,0,0,0,0,1
45600,0,1,0,0,0,0,1
45625,0,1,0,0,0,0,1
45650,0,1,0,0,0,0,1
45675,0,1,0,0,0,0,1
45700,0,1,0,0,0,0,1
45725,0,1,0,0,0,0,1
45750,0,1,0,0,0,0,1
45775,0,1,0,0,0,0,1
45800,0,1,0,0,0,0,1
45825,0,1,0,0,0,0,1
45850,0,1,0,0,0,0,1
45875,0,1,0,0,0,0,1
45900,0,1,0,0,0,0,1
45925,0,1,0,0,0,0,1
45950,0,1,0,0,0,0,1
45975,0,1,0,0,0,0,1
46000,1,0,0,0,0,1,0
46025,1,0,0,0,0,1,0
46050,1,0,0,0,0,1,0
46075,1,0,0,0,0,1,0
46100,1,0,0,0,0,1,0
46125,1,0,0,0,0,1,0
46150,1,0,0,0,0,1,0
46175,1,0,0,0,0,1,0
46200,1,0,0,0,0,1,0
46225,1,0,0,0,0,1,0
46250,1,0,0,0,0,1,0
46275,1,0,0,0,0,1,0
46300,1,0,0,0,0,1,0
46325,1,0,0,0,0,1,0
46350,1,0,0,0,0,1,0
46375,1,0,0,0,0,1,0
46400,1,0,0,0,0,1,0
46425,1,0,0,0,0,1,0
46450,1,0,0,0,0,1,0
46475,1,0,0,0,0,1,0
46500,1,0,0,0,0,1,0
46525,1,0,0,0,0,1,0
46550,1,0,0,0,0,1,0
46575,1,0,0,0,0,1,0
46600,1,0,0,0,0,1,0
46625,1,0,0,0,0,0,0
46650,1,0,0,0,0,0,0
46675,1,0,0,0,0,0,0
46700,1,0,0,0,0,0,0
46725,1,0,0,0,0,0,0
46750,1,0,0,0,0,0,0
46775,1,0,0,0,0,0,0
46800,1,0,0,0,0,0,0
46825,1,0,0,0,0,0,0
46850,1,0,0,0,0,0,0
46875,1,0,0,0,0,0,0
46900,1,0,0,0,0,0,0
46925,1,0,0,0,0,0,0
46950,1,0,0,0,0,0,0
46975,1,0,0,0,0,0,0
47000,1,0,0,0,0,0,0
47025,1,0,0,0,0,0,0
47050,1,0,0,0,0,0,0
47075,1,0,0,0,0,0,0
47100,1,0,0,0,0,0,0
47125,1,0,0,0,0,0,0
47150,1,0,0,0,0,0,0
47175,1,0,0,0,0,0,0
47200,1,0,0,0,0,0,1
47225,1,0,0,0,0,0,1
47250,1,0,0,0,0,0,1
47275,1,0,0,0,0,0,1
47300,1,0,0,0,0,0,1
47325,1,0,0,0,0,0,1
47350,1,0,0,0,0,0,1
47375,1,0,0,0,0,0,1
47400,1,0,0,0,0,0,1
47425,1,0,0,0,0,0,1
47450,1,0,0,0,0,0,1
47475,1,0,0,0,0,0,1
47500,1,0,0,0,0,0,1
47525,1,0,0,0,0,0,1
47550,1,0,0,0,0,0,1
47575,1,0,0,0,0,0,1
47600,1,0,0,0,0,0,1
47625,1,0,0,0,0,0,1
47650,1,0,0,0,0,0,1
47675,1,0,0,0,0,0,1
47700,1,0,0,0,0,0,1
47725,1,0,0,0,0,0,1
47750,1,0,0,0,0,0,1
47775,1,0,0,0,0,0,1
47800,1,0,0,0,0,0,1
47825,1,0,0,0,0,0,1
47850,1,0,0,0,0,0,1
47875,1,0,0,0,0,0,1
47900,1,0,0,0,0,0,1
47925,1,0,0,0,0,0,1
47950,1,0,0,0,0,0,1
47975,1,0,0,0,0,0,1
48000,1,0,0,0,0,0,1
48025,1,0,0,0,0,0,1
48050,1,0,0,0,0,0,1
48075,1,0,0,0,0,0,1
48100,1,0,0,0,0,0,1
48125,1,0,0,0,0,0,1
48150,1,0,0,0,0,0,1
48175,1,0,0,0,0,0,1
48200,1,0,0,0,0,0,1
48225,1,0,0,0,0,0,1
48250,1,0,0,0,0,0,1
48275,1,0,0,0,0,0,1
48300,1,0,0,0,0,0,1
48325,1,0,0,0,0,0,1
48350,1,0,0,0,0,0,1
48375,1,0,0,0,0,0,1
48400,1,0,0,0,0,0,1
48425,1,0,0,0,0,0,1
48450,1,0,0,0,0,0,1
48475,1,0,0,0,0,0,1
48500,1,0,0,0,0,0,1
48525,1,0,0,0,0,0,1
48550,1,0,0,0,0,0,1
48575,1,0,0,0,0,0,1
48600,1,0,0,0,0,0,1
48625,1,0,0,0,0,0,1
48650,1,0,0,0,0,0,1
48675,1,0,0,0,0,0,1
48700,1,0,0,0,0,0,1
48725,1,0,0,0,0,0,1
48750,1,0,0,0,0,0,1
48775,1,0,0,0,0,0,1
48800,1,0,0,0,0,0,1
48825,1,0,0,0,0,0,1
48850,1,0,0,0,0,0,1
48875,1,0,0,0,0,0,1
48900,1,0,0,0,0,0,1
48925,1,0,0,0,0,0,1
48950,1,0,0,0,0,0,1
48975,1,0,0,0,0,0,1
49000,1,0,0,0,0,0,1
49025,1,0,0,0,0,0,1
49050,1,0,0,0,0,0,1
49075,1,0,0,0,0,0,1
49100,1,0,0,0,0,0,1
49125,1,0,0,0,0,0,1
49150,1,0,0,0,0,0,1
49175,1,0,0,0,0,0,1
49200,1,0,0,0,0,0,1
49225,1,0,0,0,0,0,1
49250,1,0,0,0,0,0,1
49275,1,0,0,0,0,0,1
49300,1,0,0,0,0,0,1
49325,1,0,0,0,0,0,1
49350,1,0,0,0,0,0,1
49375,0,0,0,0,0,0,0
49400,0,0,0,0,0,0,0
49425,0,0,0,0,0,0,0
49450,0,0,0,0,0,0,0
49475,0,0,0,0,0,0,0
49500,0,0,0,0,0,0,0
49525,0,0,0,0,0,0,0
49550,0,0,0,0,0,0,0
49575,0,0,0,0,0,0,0
49600,0,0,0,0,0,0,0
49625,0,0,0,0,0,0,0
49650,0,0,0,0,0,0,0
49675,0,0,0,0,0,0,0
49700,0,0,0,0,0,0,0
49725,0,0,0,0,0,0,0
49750,0,0,0,0,0,0,0
49775,0,0,0,0,0,0,0
49800,0,0,0,0,0,0,0
49825,0,0,0,0,0,0,0
49850,0,0,0,0,0,0,0
49875,0,0,0,0,0,0,0
